0.007874
0.008118
0.008301
0.008453
0.008423
0.008118
0.007721
0.007568
0.007660
0.007751
0.007782
0.007965
0.008240
0.008514
0.008881
0.009308
0.009552
0.009674
0.009796
0.009735
0.009277
0.008636
0.007935
0.007111
0.006470
0.006134
0.005737
0.005066
0.004547
0.004456
0.004486
0.004578
0.004608
0.004242
0.003479
0.002960
0.002777
0.002197
0.001160
0.000549
0.000458
0.000153
-0.000366
-0.000519
-0.000641
-0.001251
-0.001923
-0.002136
-0.002472
-0.003265
-0.004150
-0.004883
-0.005707
-0.006470
-0.006927
-0.007385
-0.007935
-0.008331
-0.008545
-0.008942
-0.009399
-0.009583
-0.009766
-0.010071
-0.010010
-0.009552
-0.009369
-0.009674
-0.009857
-0.009613
-0.009155
-0.008575
-0.007843
-0.007019
-0.006409
-0.006104
-0.005981
-0.005829
-0.005310
-0.004456
-0.003906
-0.004120
-0.004578
-0.004486
-0.003998
-0.003845
-0.004120
-0.004089
-0.003510
-0.002869
-0.002380
-0.001984
-0.001465
-0.000763
0.000153
0.000977
0.001343
0.001648
0.002289
0.003052
0.003571
0.004028
0.004578
0.005005
0.005219
0.005493
0.005859
0.006012
0.005798
0.005463
0.005280
0.005219
0.005280
0.005310
0.005310
0.005402
0.005585
0.005585
0.005249
0.004913
0.005035
0.005341
0.005310
0.005035
0.005005
0.005096
0.005219
0.005646
0.006134
0.005798
0.004822
0.004242
0.004120
0.003571
0.002686
0.002167
0.001953
0.001648
0.001617
0.002045
0.002380
0.002441
0.002747
0.003204
0.003479
0.003693
0.004059
0.004425
0.004730
0.005280
0.005676
0.005402
0.004761
0.004303
0.004089
0.003937
0.003967
0.004120
0.004211
0.004120
0.003967
0.004059
0.004517
0.005188
0.005890
0.006470
0.006866
0.007111
0.007568
0.008453
0.009399
0.010162
0.010925
0.011688
0.012238
0.012451
0.012726
0.013092
0.013367
0.013672
0.014191
0.014771
0.015167
0.015198
0.015015
0.014923
0.014984
0.015045
0.015045
0.015015
0.014679
0.014008
0.013611
0.013794
0.013947
0.013733
0.013611
0.013702
0.013672
0.013550
0.013580
0.013489
0.012970
0.012390
0.012054
0.011749
0.011200
0.010498
0.009491
0.008240
0.007172
0.006470
0.005737
0.004730
0.003632
0.002594
0.001617
0.000824
0.000214
-0.000244
-0.000671
-0.001068
-0.001373
-0.001587
-0.001801
-0.001953
-0.002197
-0.002716
-0.003418
-0.003815
-0.003784
-0.003784
-0.004089
-0.004517
-0.004791
-0.005096
-0.005554
-0.005890
-0.006012
-0.006134
-0.006287
-0.006317
-0.006134
-0.006042
-0.006134
-0.006287
-0.006500
-0.006775
-0.006866
-0.006500
-0.005859
-0.005280
-0.004761
-0.004211
-0.003845
-0.003632
-0.003143
-0.002350
-0.001740
-0.001495
-0.001221
-0.000977
-0.001038
-0.001251
-0.001190
-0.000732
-0.000092
0.000244
0.000092
-0.000092
0.000336
0.001007
0.001343
0.001617
0.002167
0.002380
0.002228
0.002472
0.003052
0.003052
0.002838
0.003235
0.003754
0.003571
0.003326
0.003571
0.003571
0.003113
0.002930
0.003082
0.002808
0.002380
0.002350
0.002167
0.001343
0.000488
0.000275
0.000031
-0.000793
-0.001465
-0.001373
-0.001007
-0.000854
-0.000824
-0.000702
-0.000641
-0.000732
-0.000885
-0.001068
-0.001221
-0.001251
-0.001251
-0.001404
-0.001526
-0.001556
-0.001648
-0.001801
-0.001740
-0.001587
-0.001770
-0.002136
-0.002197
-0.001984
-0.002075
-0.002441
-0.002716
-0.002655
-0.002411
-0.002167
-0.002045
-0.002136
-0.002319
-0.002197
-0.001740
-0.001099
-0.000397
0.000305
0.000854
0.000977
0.000824
0.000824
0.001007
0.000946
0.000549
0.000122
-0.000275
-0.000702
-0.000885
-0.000671
-0.000427
-0.000214
0.000336
0.000977
0.001190
0.001312
0.001984
0.002594
0.002563
0.002502
0.002960
0.003357
0.003418
0.003845
0.004547
0.004944
0.005127
0.005463
0.005402
0.004761
0.004333
0.004333
0.003815
0.002869
0.002533
0.002686
0.002258
0.001312
0.000885
0.001312
0.001709
0.001740
0.001648
0.001709
0.002014
0.002289
0.002228
0.001953
0.001587
0.001251
0.000824
0.000336
-0.000153
-0.000519
-0.000732
-0.000916
-0.001312
-0.002014
-0.002838
-0.003662
-0.004456
-0.005035
-0.005310
-0.005554
-0.006073
-0.006683
-0.007294
-0.007904
-0.008453
-0.008820
-0.009033
-0.009247
-0.009277
-0.008972
-0.008392
-0.007904
-0.007751
-0.007874
-0.007904
-0.007812
-0.007996
-0.008331
-0.008209
-0.007629
-0.007324
-0.007446
-0.007416
-0.007294
-0.007721
-0.008545
-0.009064
-0.009399
-0.009735
-0.009918
-0.009796
-0.009796
-0.009918
-0.009521
-0.008698
-0.008087
-0.007660
-0.006775
-0.005585
-0.004822
-0.004425
-0.004089
-0.003845
-0.003906
-0.003967
-0.003662
-0.003174
-0.002777
-0.002533
-0.002502
-0.002655
-0.002716
-0.002563
-0.002441
-0.002594
-0.002777
-0.002655
-0.002319
-0.001892
-0.001343
-0.000977
-0.000977
-0.000977
-0.000671
-0.000458
-0.000732
-0.001160
-0.001373
-0.001434
-0.001526
-0.001526
-0.001373
-0.001221
-0.001099
-0.001129
-0.001434
-0.001923
-0.002319
-0.002411
-0.002350
-0.002502
-0.002960
-0.003296
-0.003387
-0.003601
-0.003937
-0.004059
-0.003998
-0.004059
-0.004303
-0.004578
-0.004761
-0.004761
-0.004669
-0.004700
-0.004913
-0.004791
-0.004303
-0.003906
-0.003693
-0.003387
-0.003174
-0.003387
-0.003693
-0.003937
-0.004486
-0.005096
-0.005341
-0.005646
-0.006256
-0.006470
-0.006042
-0.005798
-0.005829
-0.005310
-0.004608
-0.004730
-0.005219
-0.005066
-0.004608
-0.004456
-0.004272
-0.003845
-0.003723
-0.003876
-0.003693
-0.003448
-0.003784
-0.004272
-0.004181
-0.004028
-0.004425
-0.004944
-0.005005
-0.005066
-0.005676
-0.006317
-0.006439
-0.006439
-0.006683
-0.006805
-0.006531
-0.006195
-0.006042
-0.005707
-0.005249
-0.005188
-0.005463
-0.005615
-0.005524
-0.005646
-0.006104
-0.006775
-0.007507
-0.008240
-0.008759
-0.009033
-0.009186
-0.009460
-0.009857
-0.010315
-0.010956
-0.011810
-0.012604
-0.013184
-0.013641
-0.013824
-0.013611
-0.013580
-0.014252
-0.015198
-0.015717
-0.015778
-0.015717
-0.015533
-0.015350
-0.015503
-0.015778
-0.015869
-0.016052
-0.016357
-0.016388
-0.016357
-0.016846
-0.017548
-0.017914
-0.018341
-0.019287
-0.020020
-0.020081
-0.020050
-0.020233
-0.020111
-0.019806
-0.019897
-0.020111
-0.019897
-0.019562
-0.019440
-0.019165
-0.018555
-0.017975
-0.017578
-0.016785
-0.015594
-0.014618
-0.014252
-0.013977
-0.013428
-0.012939
-0.012695
-0.012451
-0.012146
-0.012085
-0.012299
-0.012329
-0.012024
-0.011566
-0.011047
-0.010437
-0.009674
-0.008881
-0.008331
-0.007996
-0.007599
-0.007050
-0.006439
-0.005829
-0.005310
-0.005127
-0.005402
-0.005524
-0.005219
-0.004791
-0.004395
-0.003632
-0.002869
-0.002869
-0.003296
-0.003296
-0.002838
-0.002502
-0.002289
-0.002014
-0.001587
-0.001129
-0.001007
-0.001404
-0.002014
-0.002136
-0.001831
-0.001617
-0.001556
-0.001617
-0.001831
-0.001953
-0.001801
-0.001526
-0.001190
-0.000732
-0.000549
-0.000916
-0.001312
-0.001282
-0.001343
-0.001770
-0.002106
-0.002258
-0.002563
-0.002838
-0.002869
-0.003052
-0.003784
-0.004608
-0.005127
-0.005341
-0.005280
-0.005157
-0.005249
-0.005554
-0.005737
-0.005615
-0.005310
-0.005005
-0.004852
-0.005035
-0.005554
-0.006134
-0.006561
-0.006714
-0.006592
-0.006470
-0.006500
-0.006775
-0.007050
-0.007172
-0.007080
-0.006958
-0.006897
-0.006744
-0.006561
-0.006531
-0.006531
-0.006073
-0.005341
-0.004913
-0.004761
-0.004578
-0.004364
-0.004181
-0.003845
-0.003296
-0.002899
-0.002930
-0.003418
-0.004211
-0.004974
-0.005554
-0.005737
-0.005646
-0.005463
-0.005493
-0.005524
-0.005096
-0.004364
-0.003784
-0.003265
-0.002686
-0.002319
-0.002258
-0.001953
-0.001434
-0.001404
-0.001709
-0.001831
-0.001923
-0.002258
-0.002441
-0.002472
-0.002869
-0.003510
-0.003632
-0.003357
-0.003357
-0.003571
-0.003632
-0.003693
-0.003998
-0.004211
-0.004059
-0.003876
-0.003815
-0.003845
-0.004120
-0.004517
-0.004669
-0.004425
-0.004242
-0.004272
-0.004120
-0.003784
-0.003723
-0.003937
-0.004120
-0.004333
-0.004761
-0.005219
-0.005432
-0.005463
-0.005280
-0.004791
-0.004303
-0.004211
-0.004272
-0.004242
-0.004547
-0.005280
-0.005554
-0.005066
-0.004608
-0.004578
-0.004303
-0.003540
-0.002991
-0.002960
-0.002899
-0.002655
-0.002625
-0.002808
-0.002777
-0.002502
-0.002258
-0.002197
-0.002197
-0.002289
-0.002502
-0.002686
-0.002594
-0.002289
-0.002045
-0.001892
-0.001831
-0.001862
-0.001862
-0.001648
-0.001373
-0.001404
-0.001678
-0.001892
-0.002014
-0.002106
-0.002014
-0.001740
-0.001495
-0.001495
-0.001526
-0.001465
-0.001373
-0.001312
-0.001434
-0.001556
-0.001526
-0.001373
-0.001465
-0.001801
-0.002045
-0.002136
-0.002014
-0.001709
-0.001282
-0.000977
-0.000732
-0.000458
-0.000275
-0.000275
-0.000336
-0.000336
-0.000397
-0.000702
-0.001099
-0.001465
-0.001556
-0.001526
-0.001831
-0.002533
-0.003204
-0.003418
-0.003387
-0.003479
-0.003754
-0.004089
-0.004303
-0.004242
-0.004059
-0.003967
-0.003937
-0.003662
-0.003265
-0.003021
-0.002808
-0.002350
-0.001770
-0.001556
-0.001801
-0.001984
-0.001984
-0.002197
-0.002533
-0.002350
-0.001923
-0.001892
-0.002197
-0.002289
-0.002258
-0.002411
-0.002563
-0.002655
-0.002777
-0.002716
-0.002380
-0.002136
-0.002289
-0.002350
-0.002197
-0.002014
-0.001709
-0.001129
-0.000793
-0.000854
-0.000732
-0.000153
0.000305
0.000305
0.000244
0.000397
0.000641
0.000885
0.001038
0.000916
0.000702
0.000824
0.001068
0.001068
0.000824
0.000641
0.000580
0.000549
0.000641
0.001007
0.001373
0.001526
0.001678
0.001953
0.002197
0.002380
0.002777
0.003418
0.003876
0.003998
0.004089
0.004242
0.004425
0.004639
0.004822
0.004791
0.004700
0.005066
0.005707
0.005890
0.005585
0.005341
0.005463
0.005798
0.006195
0.006561
0.006775
0.006897
0.007172
0.007416
0.007538
0.007629
0.007812
0.007935
0.007751
0.007263
0.006714
0.006348
0.006409
0.006775
0.007202
0.007568
0.008026
0.008606
0.008881
0.008484
0.008026
0.008118
0.008545
0.008667
0.008667
0.008789
0.008698
0.008301
0.007965
0.007843
0.007599
0.007416
0.007385
0.007111
0.006561
0.006256
0.006348
0.006409
0.006348
0.006439
0.006531
0.006500
0.006653
0.006866
0.006683
0.006348
0.006317
0.006592
0.006775
0.006958
0.007050
0.006805
0.006409
0.006256
0.006287
0.006073
0.005829
0.005798
0.005859
0.005859
0.006042
0.006439
0.006531
0.006165
0.005829
0.005920
0.006165
0.006317
0.006378
0.006134
0.005585
0.005402
0.005859
0.006226
0.006165
0.006378
0.006897
0.007141
0.007324
0.008026
0.008759
0.008698
0.008331
0.008270
0.008209
0.007996
