0.007230
0.007466
0.007641
0.007786
0.007747
0.007434
0.007029
0.006870
0.006954
0.007038
0.007061
0.007237
0.007503
0.007770
0.008128
0.008546
0.008781
0.008894
0.009007
0.008936
0.008469
0.007820
0.007110
0.006279
0.005632
0.005290
0.004888
0.004212
0.003688
0.003593
0.003619
0.003707
0.003733
0.003363
0.002596
0.002075
0.001889
0.001307
0.000269
-0.000342
-0.000434
-0.000739
-0.001257
-0.001409
-0.001530
-0.002139
-0.002808
-0.003019
-0.003352
-0.004142
-0.005023
-0.005750
-0.006569
-0.007325
-0.007775
-0.008226
-0.008767
-0.009155
-0.009360
-0.009747
-0.010195
-0.010368
-0.010541
-0.010836
-0.010764
-0.010296
-0.010103
-0.010399
-0.010571
-0.010317
-0.009850
-0.009260
-0.008519
-0.007688
-0.007070
-0.006758
-0.006630
-0.006471
-0.005946
-0.005086
-0.004532
-0.004742
-0.005195
-0.005098
-0.004605
-0.004449
-0.004719
-0.004684
-0.004100
-0.003456
-0.002964
-0.002565
-0.002044
-0.001341
-0.000425
0.000399
0.000764
0.001068
0.001708
0.002468
0.002984
0.003438
0.003983
0.004406
0.004615
0.004885
0.005245
0.005392
0.005173
0.004832
0.004644
0.004578
0.004634
0.004660
0.004655
0.004741
0.004919
0.004914
0.004573
0.004233
0.004350
0.004650
0.004615
0.004335
0.004300
0.004387
0.004504
0.004926
0.005409
0.005068
0.004086
0.003502
0.003376
0.002824
0.001936
0.001415
0.001200
0.000893
0.000861
0.001287
0.001621
0.001680
0.001983
0.002438
0.002710
0.002921
0.003283
0.003646
0.003947
0.004491
0.004883
0.004603
0.003958
0.003496
0.003278
0.003122
0.003149
0.003298
0.003386
0.003291
0.003134
0.003222
0.003676
0.004343
0.005040
0.005614
0.006005
0.006242
0.006693
0.007571
0.008508
0.009262
0.010014
0.010767
0.011304
0.011506
0.011769
0.012122
0.012384
0.012676
0.013182
0.013747
0.014130
0.014145
0.013948
0.013842
0.013888
0.013935
0.013920
0.013875
0.013525
0.012840
0.012430
0.012600
0.012739
0.012512
0.012377
0.012456
0.012412
0.012277
0.012295
0.012190
0.011659
0.011067
0.010720
0.010403
0.009843
0.009131
0.008115
0.006855
0.005780
0.005072
0.004334
0.003323
0.002221
0.001181
0.000203
-0.000591
-0.001201
-0.001658
-0.002084
-0.002479
-0.002782
-0.002994
-0.003205
-0.003355
-0.003596
-0.004112
-0.004810
-0.005202
-0.005167
-0.005162
-0.005463
-0.005885
-0.006154
-0.006453
-0.006905
-0.007234
-0.007349
-0.007465
-0.007610
-0.007634
-0.007444
-0.007345
-0.007430
-0.007575
-0.007782
-0.008049
-0.008133
-0.007759
-0.007112
-0.006525
-0.006001
-0.005446
-0.005075
-0.004857
-0.004365
-0.003568
-0.002955
-0.002708
-0.002432
-0.002186
-0.002245
-0.002457
-0.002394
-0.001934
-0.001292
-0.000956
-0.001108
-0.001291
-0.000863
-0.000191
0.000144
0.000418
0.000966
0.001178
0.001024
0.001266
0.001844
0.001841
0.001626
0.002020
0.002536
0.002350
0.002103
0.002344
0.002341
0.001881
0.001696
0.001846
0.001569
0.001140
0.001108
0.000923
0.000098
-0.000757
-0.000970
-0.001214
-0.002037
-0.002706
-0.002612
-0.002244
-0.002090
-0.002058
-0.001934
-0.001872
-0.001962
-0.002113
-0.002295
-0.002445
-0.002474
-0.002472
-0.002622
-0.002742
-0.002771
-0.002860
-0.003010
-0.002946
-0.002791
-0.002972
-0.003336
-0.003394
-0.003177
-0.003266
-0.003629
-0.003901
-0.003836
-0.003589
-0.003342
-0.003217
-0.003306
-0.003486
-0.003361
-0.002900
-0.002257
-0.001554
-0.000851
-0.000302
-0.000180
-0.000333
-0.000333
-0.000150
-0.000212
-0.000608
-0.001035
-0.001431
-0.001857
-0.002039
-0.001824
-0.001578
-0.001364
-0.000814
-0.000173
0.000040
0.000162
0.000832
0.001441
0.001408
0.001346
0.001801
0.002195
0.002254
0.002678
0.003376
0.003769
0.003948
0.004279
0.004213
0.003568
0.003137
0.003133
0.002611
0.001662
0.001324
0.001475
0.001046
0.000099
-0.000329
0.000098
0.000494
0.000524
0.000431
0.000491
0.000795
0.001068
0.001006
0.000730
0.000363
0.000026
-0.000401
-0.000889
-0.001377
-0.001742
-0.001954
-0.002136
-0.002531
-0.003230
-0.004051
-0.004871
-0.005660
-0.006234
-0.006503
-0.006741
-0.007253
-0.007856
-0.008459
-0.009061
-0.009601
-0.009958
-0.010162
-0.010366
-0.010386
-0.010071
-0.009482
-0.008985
-0.008824
-0.008937
-0.008959
-0.008859
-0.009034
-0.009360
-0.009229
-0.008641
-0.008328
-0.008442
-0.008403
-0.008273
-0.008692
-0.009507
-0.010016
-0.010342
-0.010668
-0.010840
-0.010708
-0.010697
-0.010809
-0.010402
-0.009568
-0.008949
-0.008513
-0.007620
-0.006423
-0.005654
-0.005253
-0.004912
-0.004663
-0.004720
-0.004777
-0.004467
-0.003975
-0.003574
-0.003327
-0.003294
-0.003443
-0.003501
-0.003345
-0.003220
-0.003370
-0.003549
-0.003424
-0.003085
-0.002656
-0.002104
-0.001736
-0.001735
-0.001733
-0.001427
-0.001212
-0.001486
-0.001911
-0.002123
-0.002182
-0.002272
-0.002270
-0.002115
-0.001961
-0.001837
-0.001866
-0.002170
-0.002656
-0.003050
-0.003138
-0.003075
-0.003224
-0.003679
-0.004011
-0.004099
-0.004308
-0.004640
-0.004757
-0.004692
-0.004748
-0.004988
-0.005257
-0.005435
-0.005430
-0.005333
-0.005359
-0.005567
-0.005439
-0.004946
-0.004545
-0.004327
-0.004018
-0.003800
-0.004010
-0.004311
-0.004551
-0.005096
-0.005701
-0.005940
-0.006239
-0.006843
-0.007050
-0.006616
-0.006365
-0.006389
-0.005864
-0.005157
-0.005274
-0.005757
-0.005599
-0.005136
-0.004978
-0.004790
-0.004359
-0.004232
-0.004381
-0.004194
-0.003945
-0.004277
-0.004761
-0.004665
-0.004508
-0.004900
-0.005414
-0.005469
-0.005525
-0.006129
-0.006764
-0.006879
-0.006872
-0.007110
-0.007225
-0.006943
-0.006600
-0.006441
-0.006099
-0.005636
-0.005569
-0.005838
-0.005985
-0.005888
-0.006004
-0.006455
-0.007120
-0.007845
-0.008569
-0.009079
-0.009344
-0.009488
-0.009753
-0.010139
-0.010587
-0.011217
-0.012059
-0.012840
-0.013407
-0.013851
-0.014020
-0.013792
-0.013748
-0.014405
-0.015336
-0.015839
-0.015884
-0.015807
-0.015608
-0.015409
-0.015546
-0.015805
-0.015881
-0.016047
-0.016336
-0.016350
-0.016303
-0.016775
-0.017459
-0.017807
-0.018216
-0.019143
-0.019856
-0.019897
-0.019846
-0.020009
-0.019867
-0.019541
-0.019613
-0.019806
-0.019573
-0.019217
-0.019076
-0.018781
-0.018152
-0.017554
-0.017140
-0.016329
-0.015123
-0.014131
-0.013750
-0.013462
-0.012899
-0.012397
-0.012140
-0.011884
-0.011566
-0.011493
-0.011695
-0.011713
-0.011396
-0.010927
-0.010397
-0.009776
-0.009003
-0.008200
-0.007643
-0.007299
-0.006895
-0.006338
-0.005722
-0.005105
-0.004581
-0.004393
-0.004663
-0.004780
-0.004469
-0.004037
-0.003636
-0.002870
-0.002104
-0.002101
-0.002526
-0.002523
-0.002062
-0.001724
-0.001508
-0.001232
-0.000803
-0.000344
-0.000221
-0.000617
-0.001226
-0.001346
-0.001040
-0.000825
-0.000762
-0.000822
-0.001034
-0.001155
-0.001001
-0.000725
-0.000388
0.000070
0.000254
-0.000112
-0.000508
-0.000476
-0.000536
-0.000962
-0.001297
-0.001447
-0.001750
-0.002023
-0.002051
-0.002231
-0.002960
-0.003781
-0.004295
-0.004504
-0.004437
-0.004311
-0.004397
-0.004697
-0.004875
-0.004748
-0.004437
-0.004127
-0.003970
-0.004149
-0.004663
-0.005237
-0.005658
-0.005804
-0.005676
-0.005548
-0.005572
-0.005841
-0.006109
-0.006224
-0.006126
-0.005997
-0.005929
-0.005770
-0.005581
-0.005544
-0.005538
-0.005075
-0.004337
-0.003905
-0.003748
-0.003561
-0.003343
-0.003156
-0.002817
-0.002264
-0.001865
-0.001893
-0.002378
-0.003169
-0.003927
-0.004502
-0.004680
-0.004583
-0.004395
-0.004421
-0.004446
-0.004014
-0.003277
-0.002694
-0.002172
-0.001590
-0.001222
-0.001159
-0.000852
-0.000332
-0.000301
-0.000605
-0.000725
-0.000816
-0.001150
-0.001331
-0.001360
-0.001754
-0.002392
-0.002511
-0.002234
-0.002231
-0.002441
-0.002499
-0.002557
-0.002859
-0.003069
-0.002913
-0.002726
-0.002662
-0.002689
-0.002960
-0.003353
-0.003502
-0.003254
-0.003067
-0.003094
-0.002937
-0.002598
-0.002534
-0.002744
-0.002924
-0.003134
-0.003557
-0.004010
-0.004219
-0.004245
-0.004057
-0.003564
-0.003072
-0.002977
-0.003034
-0.003000
-0.003301
-0.004029
-0.004299
-0.003806
-0.003344
-0.003310
-0.003031
-0.002265
-0.001713
-0.001680
-0.001617
-0.001370
-0.001338
-0.001519
-0.001486
-0.001209
-0.000963
-0.000901
-0.000899
-0.000989
-0.001201
-0.001382
-0.001289
-0.000982
-0.000736
-0.000582
-0.000520
-0.000549
-0.000548
-0.000333
-0.000057
-0.000087
-0.000361
-0.000573
-0.000694
-0.000784
-0.000691
-0.000415
-0.000170
-0.000170
-0.000199
-0.000137
-0.000045
0.000017
-0.000105
-0.000226
-0.000194
-0.000041
-0.000132
-0.000467
-0.000709
-0.000800
-0.000676
-0.000370
0.000058
0.000364
0.000608
0.000883
0.001066
0.001065
0.001004
0.001004
0.000942
0.000637
0.000241
-0.000125
-0.000216
-0.000184
-0.000489
-0.001189
-0.001858
-0.002069
-0.002036
-0.002125
-0.002396
-0.002729
-0.002939
-0.002874
-0.002688
-0.002593
-0.002559
-0.002281
-0.001882
-0.001635
-0.001419
-0.000959
-0.000378
-0.000164
-0.000407
-0.000589
-0.000587
-0.000800
-0.001134
-0.000949
-0.000520
-0.000489
-0.000792
-0.000882
-0.000850
-0.001001
-0.001152
-0.001242
-0.001362
-0.001299
-0.000961
-0.000715
-0.000867
-0.000926
-0.000772
-0.000587
-0.000281
0.000299
0.000635
0.000574
0.000697
0.001276
0.001733
0.001732
0.001670
0.001822
0.002064
0.002307
0.002458
0.002334
0.002119
0.002240
0.002482
0.002480
0.002234
0.002050
0.001987
0.001956
0.002046
0.002410
0.002775
0.002925
0.003075
0.003347
0.003589
0.003769
0.004162
0.004799
0.005253
0.005370
0.005457
0.005604
0.005782
0.005991
0.006168
0.006132
0.006035
0.006396
0.007031
0.007207
0.006896
0.006645
0.006761
0.007091
0.007481
0.007840
0.008046
0.008160
0.008427
0.008663
0.008777
0.008861
0.009035
0.009149
0.008957
0.008461
0.007904
0.007530
0.007584
0.007943
0.008363
0.008721
0.009170
0.009741
0.010006
0.009600
0.009134
0.009216
0.009635
0.009747
0.009738
0.009851
0.009750
0.009344
0.009000
0.008869
0.008617
0.008425
0.008387
0.008104
0.007548
0.007235
0.007320
0.007374
0.007306
0.007391
0.007475
0.007438
0.007583
0.007790
0.007599
0.007256
0.007219
0.007487
0.007663
0.007838
0.007922
0.007671
0.007267
0.007107
0.007131
0.006911
0.006660
0.006623
0.006678
0.006672
0.006849
0.007239
0.007323
0.006950
0.006608
0.006693
0.006931
0.007077
0.007131
0.006880
0.006324
0.006135
0.006587
0.006947
0.006879
0.007086
0.007598
0.007834
0.008010
0.008704
0.009427
0.009357
0.008982
0.008912
0.008842
0.008620
