0.000000
0.000001
0.000003
0.000007
0.000011
0.000016
0.000023
0.000025
0.000026
0.000032
0.000028
0.000016
0.000012
-0.000001
-0.000034
-0.000058
-0.000078
-0.000125
-0.000188
-0.000238
-0.000281
-0.000338
-0.000401
-0.000460
-0.000535
-0.000622
-0.000679
-0.000701
-0.000729
-0.000767
-0.000758
-0.000725
-0.000780
-0.000838
-0.000747
-0.000652
-0.000649
-0.000549
-0.000369
-0.000295
-0.000204
0.000048
0.000268
0.000345
0.000513
0.000841
0.001083
0.001282
0.001646
0.002008
0.002246
0.002519
0.002783
0.003011
0.003317
0.003602
0.003852
0.004109
0.004228
0.004448
0.004931
0.005181
0.005246
0.005564
0.005722
0.005581
0.005751
0.006068
0.005991
0.005835
0.005919
0.005945
0.005823
0.005892
0.006091
0.005961
0.005575
0.005375
0.005342
0.005221
0.004969
0.004786
0.004897
0.004935
0.004541
0.004219
0.004133
0.003813
0.003533
0.003487
0.002955
0.002119
0.001891
0.001812
0.001040
0.000181
-0.000255
-0.001040
-0.002064
-0.002525
-0.003148
-0.004550
-0.005764
-0.006637
-0.007672
-0.008544
-0.009463
-0.010740
-0.011980
-0.013442
-0.015002
-0.015873
-0.016884
-0.018514
-0.019566
-0.020477
-0.022114
-0.023192
-0.023535
-0.024565
-0.025864
-0.026365
-0.026912
-0.028238
-0.029113
-0.028847
-0.028850
-0.029506
-0.029624
-0.029544
-0.030034
-0.030452
-0.030569
-0.030506
-0.030032
-0.029743
-0.029789
-0.029460
-0.029238
-0.029389
-0.029101
-0.029001
-0.029665
-0.029598
-0.028649
-0.028563
-0.029019
-0.029025
-0.029625
-0.030565
-0.029904
-0.029318
-0.031097
-0.032787
-0.032494
-0.032122
-0.032423
-0.033170
-0.034510
-0.035350
-0.035671
-0.036652
-0.037535
-0.038107
-0.039167
-0.039552
-0.039574
-0.041382
-0.043547
-0.043977
-0.044332
-0.045776
-0.046589
-0.046470
-0.047450
-0.049225
-0.049555
-0.049639
-0.051316
-0.052568
-0.053010
-0.054608
-0.055851
-0.055582
-0.055772
-0.056452
-0.056905
-0.057772
-0.058118
-0.057709
-0.058119
-0.058828
-0.059049
-0.059515
-0.059230
-0.057574
-0.056940
-0.057452
-0.056591
-0.055346
-0.055716
-0.055553
-0.054328
-0.054617
-0.054736
-0.052353
-0.050800
-0.051499
-0.051638
-0.051183
-0.050935
-0.050211
-0.049672
-0.049345
-0.048393
-0.047788
-0.047147
-0.045138
-0.043894
-0.045115
-0.045944
-0.044398
-0.042752
-0.042398
-0.041420
-0.039854
-0.039011
-0.036819
-0.033808
-0.034021
-0.035289
-0.033979
-0.033302
-0.033637
-0.032069
-0.031303
-0.032886
-0.033568
-0.033059
-0.033143
-0.034578
-0.037721
-0.040565
-0.042344
-0.046351
-0.051459
-0.053353
-0.054746
-0.059146
-0.062482
-0.063409
-0.067335
-0.073480
-0.076269
-0.078300
-0.082658
-0.085042
-0.085601
-0.088574
-0.090983
-0.090687
-0.091517
-0.092856
-0.090823
-0.087255
-0.085676
-0.085307
-0.083820
-0.081720
-0.081145
-0.081057
-0.078326
-0.073346
-0.069898
-0.068617
-0.066500
-0.064462
-0.065401
-0.064923
-0.060322
-0.059003
-0.061370
-0.059858
-0.057367
-0.058429
-0.058815
-0.059056
-0.061441
-0.060849
-0.058742
-0.061891
-0.066994
-0.067889
-0.066504
-0.066308
-0.067810
-0.069776
-0.070916
-0.071487
-0.071713
-0.070542
-0.068542
-0.068867
-0.069898
-0.066793
-0.063461
-0.066149
-0.068417
-0.064675
-0.061223
-0.059808
-0.056874
-0.056285
-0.058357
-0.057145
-0.055342
-0.057721
-0.060367
-0.061352
-0.064995
-0.070817
-0.074471
-0.077849
-0.084758
-0.093172
-0.099959
-0.105837
-0.113707
-0.125424
-0.137653
-0.146309
-0.156254
-0.168873
-0.177431
-0.186084
-0.201060
-0.212571
-0.217602
-0.226462
-0.236689
-0.240992
-0.244902
-0.251125
-0.254009
-0.254080
-0.255860
-0.257735
-0.256667
-0.254224
-0.251711
-0.246813
-0.239747
-0.233204
-0.227095
-0.219173
-0.208369
-0.198367
-0.193909
-0.188647
-0.175620
-0.163056
-0.154385
-0.140954
-0.127007
-0.120293
-0.112155
-0.099157
-0.091273
-0.087243
-0.078032
-0.066263
-0.058568
-0.053109
-0.046661
-0.040487
-0.033876
-0.025804
-0.019848
-0.017562
-0.016091
-0.013425
-0.008987
-0.006917
-0.009262
-0.008122
-0.003001
-0.003575
-0.004729
0.000699
0.001975
-0.003151
-0.002882
0.000526
-0.000852
-0.002342
-0.001427
-0.004643
-0.011207
-0.012508
-0.009434
-0.010142
-0.014056
-0.015806
-0.016307
-0.017082
-0.018133
-0.020340
-0.023048
-0.026810
-0.030970
-0.033039
-0.038218
-0.048798
-0.053509
-0.053159
-0.059956
-0.069009
-0.072759
-0.079831
-0.092434
-0.101517
-0.108304
-0.120254
-0.134044
-0.143267
-0.152281
-0.163876
-0.171957
-0.177367
-0.187593
-0.200702
-0.211080
-0.217392
-0.221352
-0.227392
-0.234940
-0.239259
-0.242306
-0.243266
-0.239460
-0.239946
-0.246194
-0.243933
-0.234830
-0.233017
-0.234885
-0.230009
-0.222421
-0.218520
-0.213844
-0.205504
-0.199096
-0.193856
-0.184054
-0.174296
-0.168847
-0.162795
-0.154834
-0.147277
-0.140126
-0.134811
-0.129846
-0.123680
-0.118642
-0.111445
-0.102265
-0.100562
-0.102451
-0.098462
-0.095909
-0.098879
-0.096258
-0.087556
-0.085893
-0.092002
-0.093890
-0.091311
-0.092957
-0.095930
-0.095094
-0.095889
-0.098922
-0.100560
-0.102803
-0.105468
-0.106676
-0.107456
-0.107628
-0.109316
-0.113189
-0.113837
-0.113571
-0.117927
-0.120453
-0.120115
-0.125865
-0.133864
-0.134362
-0.132358
-0.135779
-0.139195
-0.136751
-0.136746
-0.142108
-0.141544
-0.137132
-0.140290
-0.144970
-0.143354
-0.140210
-0.137983
-0.136548
-0.134929
-0.129890
-0.124365
-0.120248
-0.113447
-0.107995
-0.105661
-0.098384
-0.088551
-0.083183
-0.076968
-0.067100
-0.060964
-0.058372
-0.051151
-0.041138
-0.036560
-0.031624
-0.018844
-0.008032
-0.003017
0.006914
0.020290
0.027749
0.032279
0.039955
0.051013
0.061501
0.067907
0.076297
0.090236
0.102389
0.111308
0.121293
0.129140
0.134431
0.142843
0.153341
0.160137
0.164988
0.173671
0.181847
0.184416
0.189074
0.195573
0.192649
0.187396
0.189685
0.190113
0.185523
0.182969
0.180716
0.176384
0.171764
0.168104
0.167476
0.164359
0.153613
0.144495
0.141012
0.134116
0.124236
0.118800
0.116317
0.112843
0.109847
0.108206
0.104287
0.100264
0.102377
0.104013
0.098196
0.094721
0.096246
0.095099
0.095110
0.098816
0.098467
0.094490
0.093286
0.095587
0.097475
0.094145
0.088826
0.088092
0.088212
0.084578
0.082262
0.083808
0.082969
0.076711
0.072001
0.071249
0.067859
0.063474
0.062241
0.057382
0.051039
0.051514
0.050041
0.043474
0.043080
0.046661
0.046366
0.045356
0.045668
0.046907
0.049177
0.051052
0.055202
0.061391
0.063157
0.063505
0.069137
0.076458
0.080944
0.084921
0.091064
0.096317
0.098026
0.101846
0.108287
0.109406
0.108882
0.111984
0.111551
0.109026
0.110894
0.109730
0.102392
0.097115
0.094605
0.090305
0.083152
0.074915
0.067903
0.060374
0.049944
0.039935
0.033123
0.027211
0.020182
0.013700
0.007611
-0.002073
-0.011194
-0.011636
-0.011088
-0.016548
-0.018877
-0.017520
-0.019147
-0.017310
-0.010154
-0.004836
-0.000088
0.006355
0.011888
0.017284
0.023923
0.032739
0.042714
0.049222
0.054646
0.064282
0.075145
0.084062
0.092627
0.102551
0.112668
0.119905
0.126896
0.136554
0.141777
0.142843
0.149561
0.157024
0.158748
0.162362
0.168199
0.170491
0.172668
0.176308
0.178163
0.179080
0.180414
0.181599
0.181863
0.180575
0.179247
0.178603
0.177237
0.175327
0.174559
0.174499
0.171978
0.167733
0.168384
0.171114
0.167392
0.162070
0.160316
0.156271
0.151494
0.150754
0.149258
0.145707
0.144393
0.144420
0.142797
0.138614
0.133925
0.131203
0.128463
0.124600
0.120731
0.115118
0.108843
0.104501
0.099939
0.094270
0.088213
0.082144
0.078328
0.073205
0.063648
0.056568
0.051606
0.042101
0.034083
0.031088
0.025602
0.018014
0.012630
0.007065
0.000811
-0.003663
-0.006794
-0.010462
-0.014890
-0.018162
-0.019600
-0.020887
-0.021928
-0.022105
-0.021824
-0.020673
-0.019023
-0.017296
-0.015748
-0.016046
-0.015306
-0.010992
-0.008375
-0.007913
-0.003237
0.003018
0.005597
0.007540
0.011126
0.013834
0.014972
0.017059
0.020657
0.022932
0.024083
0.026585
0.028171
0.028578
0.031269
0.033946
0.033990
0.033289
0.032460
0.032829
0.034691
0.034525
0.034172
0.035397
0.034305
0.033303
0.035528
0.035188
0.031958
0.031947
0.033481
0.032682
0.031349
0.031696
0.032689
0.032675
0.032586
0.033182
0.032612
0.031535
0.032023
0.032223
0.031231
0.030591
0.030563
0.030888
0.030718
0.029650
0.029813
0.030420
0.029412
0.029243
0.030606
0.030400
0.029596
0.030540
0.031504
0.031079
0.031374
0.033102
0.033442
0.032412
0.033723
0.036224
0.037030
0.038001
0.039615
0.040585
0.042239
0.044016
0.044930
0.046437
0.047591
0.048089
0.049994
0.051478
0.051642
0.053178
0.054771
0.054688
0.055534
0.057567
0.058724
0.059264
0.060231
0.061410
0.061808
0.061854
0.062674
0.062846
0.061924
0.062234
0.063376
0.063550
0.063484
0.063432
0.063409
0.063816
0.063440
0.062311
0.061960
0.061783
0.061379
0.061409
0.060829
0.059246
0.058208
0.057669
0.056352
0.054729
0.053764
0.052414
0.049966
0.048099
0.046977
0.045086
0.043468
0.042738
0.041190
0.039041
0.037292
0.035461
0.033945
0.032693
0.031057
0.029899
0.028940
0.027136
0.025690
0.025099
0.024300
0.023473
0.022933
0.022218
0.021468
0.021064
0.020854
0.020284
0.019447
0.019355
0.019435
0.018606
0.018013
0.017968
0.017228
0.016418
0.016225
0.015788
0.015131
0.014637
0.014115
0.013765
0.013342
0.012639
0.012302
0.012103
0.011312
0.010535
0.010206
0.009705
0.008940
0.008508
0.008291
0.007787
0.007431
0.007420
0.006986
0.006432
0.006559
0.006642
0.006183
0.005918
0.005952
0.005939
0.005904
0.005846
0.005851
0.005896
0.005824
0.005953
0.006276
0.006236
0.005980
0.005925
0.005883
0.005643
0.005362
0.005231
0.005049
0.004572
0.004196
0.004057
0.003681
0.003251
0.003074
0.002690
0.002141
0.001857
0.001557
0.001066
0.000690
0.000459
0.000259
0.000041
-0.000227
-0.000413
-0.000521
-0.000695
-0.000830
-0.000842
-0.000890
-0.000969
-0.000910
-0.000755
-0.000687
-0.000657
-0.000515
-0.000365
-0.000295
-0.000174
-0.000019
0.000055
0.000129
0.000256
0.000353
0.000429
0.000518
0.000594
0.000637
0.000668
0.000716
0.000761
0.000765
0.000750
0.000748
0.000739
0.000709
0.000669
0.000629
0.000588
0.000535
0.000483
0.000440
0.000387
0.000331
0.000289
0.000247
0.000200
0.000159
0.000123
0.000089
0.000062
0.000040
0.000022
0.000010
0.000002
0.000000
