-9.045893
0.000000
7.651051
19.192751
-3.029613
-11.861305
1.756885
5.899274
-2.576151
-4.030617
0.789711
1.768500
-1.303136
-7.660336
3.234512
8.675727
-2.318303
-2.613966
-1.317374
-1.832397
2.138512
4.178939
0.934538
-3.071278
-6.446428
0.656334
8.698486
0.399120
-3.610551
0.134696
-0.275352
-0.619734
0.328529
0.445153
-0.010303
-0.222313
-0.447987
-0.465700
0.917167
1.443321
-0.734729
-1.322541
-0.300858
-0.031622
1.680547
1.770540
-1.821970
-2.080958
0.528292
0.483446
0.098364
0.848871
-0.062910
-0.983258
0.023202
0.278088
-0.347481
-0.048827
0.632958
0.211018
-0.305578
-0.110104
0.019320
0.061719
-0.002289
-0.130834
-0.000001
0.109699
-0.053747
0.011432
0.167905
-0.077761
-0.163189
0.054470
0.058084
-0.006195
-0.015879
-0.009307
0.024488
0.015134
-0.039374
-0.030656
0.013546
0.037992
0.015186
-0.045835
-0.015501
0.031243
0.021678
-0.003462
-0.021291
-0.000352
0.011149
0.010313
0.008165
-0.013181
-0.021932
-0.004287
0.022481
0.014852
-0.019220
-0.000961
0.006026
-0.026740
0.001247
0.026423
-0.005494
-0.011324
0.011306
-0.015116
-0.005883
0.024297
-0.001449
0.002184
0.002586
0.002636
0.004902
-0.015792
-0.010269
0.012443
-0.008290
-0.021842
0.041482
0.012890
-0.037338
0.018628
0.036909
-0.026063
-0.070422
0.035753
0.061924
-0.035383
-0.013273
0.001603
-0.011731
0.015448
-0.004960
-0.002592
0.028211
-0.024681
-0.027749
0.038613
0.016956
-0.034706
0.000639
0.011315
0.004303
0.027497
-0.033169
-0.042226
0.024626
0.022555
0.003601
0.005229
-0.025646
-0.010468
0.035890
-0.006199
-0.000059
0.014037
-0.085468
-0.019168
0.120563
0.028910
-0.053028
-0.029487
0.000402
0.014491
-0.003401
-0.003809
0.018392
0.000830
0.004022
0.031168
-0.045869
-0.049446
0.034495
0.019995
-0.009142
-0.010163
0.036938
0.030474
-0.066601
-0.041294
0.034189
0.016123
-0.008631
0.022408
0.010020
-0.025407
-0.011224
0.025945
0.014637
-0.049615
-0.026208
0.046536
0.040600
-0.004292
-0.016538
-0.002412
-0.011565
-0.021347
0.012834
0.007665
-0.002923
-0.013675
-0.018554
0.047347
0.027935
-0.026602
0.000639
0.001877
-0.016099
-0.017396
-0.009858
0.026009
0.031161
-0.025762
-0.025932
0.017381
0.006166
-0.001106
0.001760
-0.004213
0.000896
0.016817
0.009924
-0.030325
-0.016660
0.014298
0.014995
0.007421
-0.015726
-0.010129
0.007827
-0.012517
-0.012581
0.027785
0.023145
-0.006391
-0.014237
-0.018571
0.008800
0.010312
-0.010468
0.012732
-0.007179
-0.006953
0.018093
-0.009216
0.005216
0.004441
-0.024327
0.003243
0.010790
0.008607
0.021005
-0.018152
-0.030706
0.017671
0.008873
-0.012501
-0.009402
0.003044
0.028729
-0.010294
-0.016329
0.002548
-0.029564
0.016108
0.054188
-0.001114
-0.013545
0.003043
-0.031799
-0.023475
0.027730
0.028016
0.003582
-0.024950
-0.024280
-0.001027
0.029792
0.011381
-0.030557
0.010926
0.019931
-0.010141
-0.010540
-0.001608
0.009693
0.008533
-0.005911
-0.018746
-0.000962
0.012253
-0.001483
-0.009544
0.008974
0.016235
0.002882
-0.007349
-0.016262
0.006707
0.005549
-0.021727
0.009632
0.029178
-0.010492
-0.029749
0.012927
0.024985
-0.008143
-0.003492
-0.005382
-0.029942
0.023180
0.042953
-0.053315
-0.041726
0.037245
0.024201
-0.001030
-0.003142
-0.007446
0.008493
0.008379
-0.008735
-0.001937
0.001771
-0.003923
-0.000378
0.012653
0.001034
-0.010079
0.003404
-0.012360
-0.012267
0.021412
0.011139
-0.010865
-0.004767
0.004406
0.000017
0.000619
0.008654
-0.010621
-0.016799
0.005489
0.017036
0.012548
-0.015796
-0.014204
0.009474
0.004437
-0.000465
-0.001021
0.000663
0.008525
0.002693
-0.009727
-0.013320
-0.005065
0.005099
0.004713
0.014564
-0.008220
-0.025639
0.016398
0.077235
0.001939
-0.107670
-0.013423
0.031321
0.006034
0.027098
0.002180
-0.012586
-0.007288
-0.003127
0.006872
-0.002166
0.000713
0.016273
-0.007092
-0.025340
0.002230
0.018188
0.000142
-0.002940
0.003958
-0.002123
-0.004461
-0.004082
-0.003330
0.018730
0.005144
0.002087
0.021103
-0.044657
-0.031294
0.031816
0.009016
-0.000372
0.002676
-0.002010
-0.001646
-0.001779
-0.010130
0.004641
0.025074
0.004888
-0.014008
-0.020506
-0.004104
0.018140
0.002544
-0.018413
-0.006978
0.024308
0.020861
-0.008683
-0.021715
-0.011682
0.004883
0.017710
0.036381
-0.042797
-0.046535
0.058048
0.006925
-0.028654
0.005654
0.006317
0.001501
-0.002595
-0.001035
0.000771
0.001118
0.000234
-0.000016
-0.000590
-0.000423
-0.000256
-0.000329
0.000583
0.000354
0.000716
0.001384
0.000775
0.002196
-0.002477
-0.003067
-0.003029
-0.002909
0.002701
0.001871
0.002248
0.000746
-0.001007
-0.000340
0.000036
0.001229
0.006830
0.000704
-0.020181
-0.003799
0.018876
0.001691
-0.006427
-0.000441
0.002292
0.002389
0.000400
-0.002360
-0.005023
0.011160
0.007241
-0.017714
-0.011100
0.007415
0.008097
0.000024
-0.001498
-0.002093
-0.000966
0.000821
0.001340
-0.018031
0.000382
0.067880
0.001652
-0.072460
-0.004537
0.025887
0.000746
-0.005191
0.015558
0.016121
-0.023801
-0.024739
0.009449
0.012951
0.000078
-0.000213
0.002502
0.001627
-0.002959
-0.001713
-0.000651
-0.000615
-0.000991
-0.002965
0.000214
0.000022
0.003896
0.002904
0.000744
0.001201
-0.001514
-0.000682
-0.001202
-0.000457
0.000202
-0.000031
0.000253
0.000105
-0.000197
-0.000179
0.000148
0.000418
-0.000152
-0.000653
0.000038
0.000856
0.000477
0.000026
-0.002305
-0.003619
0.001864
0.002775
0.003543
0.004861
-0.006141
-0.002861
0.002811
-0.006561
0.009825
0.006597
-0.013233
-0.002057
-0.000056
-0.004413
0.007921
0.012740
0.005143
-0.010090
-0.012541
-0.017089
0.038992
0.068089
-0.157131
-0.079148
0.170825
0.038506
-0.046739
-0.010079
-0.009304
-0.003066
0.003637
0.004868
0.010923
-0.000310
-0.002278
0.003159
-0.008506
-0.006723
-0.000619
0.000127
0.006266
0.005521
-0.000970
-0.000223
-0.002948
-0.002523
-0.001997
-0.002964
0.002833
0.002893
0.003357
0.003136
-0.002270
-0.001383
-0.001831
-0.000774
0.000477
0.000337
0.000093
-0.000288
-0.000123
0.000133
0.000008
-0.000055
-0.000152
-0.000096
0.000145
0.000240
0.000013
-0.000307
-0.000016
0.000144
-0.000273
0.000083
0.000216
-0.000158
-0.000078
0.000214
-0.000038
-0.000239
-0.000223
0.000108
0.000304
0.000362
-0.000558
-0.000585
0.000161
0.000896
-0.000137
-0.000771
-0.001491
0.000863
0.000859
0.005636
-0.010450
0.001465
-0.010573
-0.047945
0.088218
0.057499
-0.080091
-0.016279
0.009944
-0.003663
0.005043
0.007517
-0.003649
-0.005564
0.001409
0.000980
0.001208
-0.000241
-0.000489
-0.000167
0.000426
0.000091
0.000116
-0.000047
-0.000202
0.000194
0.000338
-0.000362
-0.000256
-0.000203
-0.000226
0.000473
0.000773
-0.000058
-0.000723
-0.000334
0.000592
0.000453
-0.000532
-0.000649
0.000243
0.001016
-0.000090
-0.001968
-0.001204
0.002886
0.006348
-0.005583
0.006246
0.004490
-0.019382
0.003575
0.003794
-0.005157
0.003741
0.001642
0.000821
-0.000581
-0.000779
-0.000052
0.000729
0.000289
-0.000267
-0.000342
0.000144
0.000244
-0.000178
-0.000158
0.000302
0.000011
-0.000135
0.000070
0.000115
-0.000139
-0.000034
0.000248
0.000068
-0.000495
0.000093
0.000093
0.000672
0.001462
0.003144
-0.020345
0.004246
0.036618
-0.027320
-0.014771
0.023500
-0.002527
-0.004285
-0.000479
-0.000243
0.000212
0.000137
0.000078
-0.000041
0.000022
0.000012
-0.000009
-0.000034
-0.000061
0.000022
0.000062
-0.000015
0.000001
0.000032
-0.000033
-0.000118
0.000104
0.000108
-0.000056
-0.000072
0.000015
-0.000065
-0.000006
0.000286
-0.000079
-0.000214
0.000230
-0.000002
-0.000190
-0.000025
0.000015
0.000171
-0.000046
-0.000140
0.000015
-0.000027
0.000257
0.000032
-0.000344
0.000020
0.000335
0.000081
-0.000302
-0.000138
0.000211
0.000044
-0.000195
0.000099
0.000148
-0.000147
-0.000132
0.000028
0.000140
0.000019
-0.000070
-0.000026
0.000053
0.000059
0.000017
0.000047
-0.000176
-0.000052
0.000256
-0.000044
-0.000160
0.000062
0.000016
-0.000086
-0.000054
-0.000005
0.000105
0.000073
-0.000020
0.000046
-0.000067
-0.000039
0.000046
-0.000075
0.000027
-0.000006
0.000023
0.000086
-0.000053
-0.000001
-0.000039
-0.000091
0.000117
0.000046
-0.000172
0.000135
0.000230
-0.000094
-0.000221
-0.000096
0.000036
0.000079
0.000063
-0.000025
0.000085
0.000002
-0.000188
-0.000026
0.000196
0.000155
-0.000120
-0.000157
0.000017
0.000104
-0.000035
-0.000122
0.000081
0.000111
-0.000092
-0.000053
-0.000013
-0.000035
0.000193
0.000055
-0.000198
-0.000015
0.000065
-0.000094
-0.000012
0.000224
0.000080
-0.000100
-0.000137
-0.000121
0.000045
0.000252
0.000062
-0.000293
0.000014
0.000157
-0.000027
0.000001
-0.000043
-0.000035
-0.000034
-0.000029
0.000102
0.000121
-0.000114
-0.000040
0.000105
-0.000193
-0.000055
0.000193
0.000024
-0.000037
0.000104
0.000057
-0.000183
-0.000075
0.000072
0.000013
0.000022
-0.000049
-0.000060
0.000039
0.000059
-0.000023
0.000013
0.000063
-0.000080
-0.000073
-0.000001
0.000121
0.000093
-0.000126
0.000000
0.000135
-0.000127
-0.000138
0.000092
0.000098
0.000007
-0.000053
-0.000044
-0.000012
0.000076
-0.000060
-0.000093
0.000028
-0.000010
0.000096
0.000185
0.000055
-0.000266
-0.000169
0.000157
0.000121
0.000087
0.000007
-0.000082
-0.000099
-0.000159
0.000088
0.000192
-0.000068
-0.000058
0.000014
0.000094
-0.000084
-0.000212
0.000227
0.000228
-0.000230
-0.000191
0.000081
0.000125
0.000033
-0.000144
0.000096
0.000086
-0.000160
0.000024
-0.000004
-0.000027
-0.000039
0.000095
0.000318
-0.000157
-0.000351
0.000138
0.000041
-0.000070
0.000130
-0.000028
-0.000062
0.000045
0.000104
0.000030
-0.000226
-0.000028
0.000237
0.000029
-0.000134
-0.000092
0.000001
-0.000038
0.000195
0.000243
-0.000296
-0.000246
0.000138
0.000117
-0.000006
-0.000014
-0.000032
-0.000016
0.000075
-0.000042
-0.000077
0.000067
0.000102
0.000044
-0.000117
-0.000040
0.000060
-0.000082
0.000042
0.000171
-0.000135
-0.000100
0.000045
-0.000039
0.000037
-0.000060
0.000138
0.000203
-0.000202
-0.000278
0.000104
0.000244
-0.000020
-0.000080
-0.000106
-0.000051
0.000180
0.000051
-0.000197
0.000016
0.000097
-0.000003
0.000098
0.000001
-0.000080
0.000081
-0.000030
-0.000274
0.000057
0.000185
-0.000156
0.000049
0.000090
0.000041
0.000113
