0.000000
0.000001
0.000005
0.000010
0.000017
0.000027
0.000041
0.000060
0.000085
0.000110
0.000127
0.000129
0.000122
0.000124
0.000108
0.000122
0.000143
0.000112
0.000091
0.000014
-0.000026
-0.000082
-0.000109
-0.000219
-0.000284
-0.000460
-0.000649
-0.000826
-0.000999
-0.001140
-0.001325
-0.001459
-0.001582
-0.001574
-0.001742
-0.001714
-0.001563
-0.001365
-0.001345
-0.001266
-0.001011
-0.001212
-0.001123
-0.001201
-0.001087
-0.000819
-0.000587
-0.000127
0.000237
0.000548
0.000993
0.001372
0.001643
0.001930
0.001965
0.001819
0.001871
0.001936
0.002105
0.002013
0.001968
0.002144
0.002051
0.002204
0.002713
0.002100
0.001776
0.001042
0.000661
0.000485
0.000932
0.001164
0.001624
0.002007
0.002460
0.003101
0.002560
0.002159
0.002111
0.002308
0.002173
0.002590
0.003606
0.004363
0.004936
0.006366
0.007599
0.008696
0.009174
0.009779
0.010540
0.011436
0.011422
0.011503
0.011657
0.011448
0.010630
0.011003
0.010794
0.010925
0.010918
0.010442
0.009680
0.008959
0.007442
0.005339
0.004032
0.002079
0.000191
-0.001138
-0.001986
-0.002666
-0.003086
-0.003479
-0.004673
-0.005041
-0.005349
-0.006047
-0.006806
-0.007265
-0.007541
-0.007392
-0.007393
-0.007755
-0.008116
-0.007103
-0.005998
-0.005075
-0.004365
-0.002954
-0.002430
-0.002241
-0.002387
-0.001287
-0.001102
-0.000856
0.000142
0.000953
0.001007
0.001809
0.001589
0.002469
0.002039
0.002260
0.001629
0.001499
0.001053
0.000092
-0.000911
-0.001901
-0.002422
-0.001924
-0.001767
-0.001779
-0.002064
-0.002206
-0.002318
-0.002427
-0.002612
-0.002399
-0.002838
-0.002675
-0.003023
-0.003160
-0.002721
-0.002659
-0.002671
-0.001771
-0.000659
-0.000138
-0.000251
-0.000157
-0.000758
-0.001339
-0.001295
-0.000953
-0.000119
0.000109
0.000957
0.000878
0.001407
0.001685
0.002326
0.002590
0.002116
0.001821
0.000946
0.000821
0.000054
0.000052
0.000272
0.000249
0.000529
0.000353
0.000012
-0.000408
-0.000778
-0.000927
-0.001363
-0.001996
-0.002480
-0.002600
-0.002937
-0.003280
-0.003487
-0.003509
-0.003292
-0.002834
-0.002717
-0.002594
-0.002637
-0.002339
-0.002193
-0.002061
-0.002268
-0.002360
-0.002362
-0.002223
-0.002059
-0.001685
-0.001362
-0.000958
-0.000787
-0.000714
-0.000637
-0.000480
-0.000415
-0.000413
-0.000354
-0.000364
-0.000294
-0.000185
-0.000141
-0.000106
-0.000101
-0.000132
-0.000128
-0.000108
-0.000084
-0.000088
-0.000109
-0.000097
-0.000100
-0.000096
-0.000092
-0.000078
-0.000068
-0.000059
-0.000045
-0.000035
-0.000023
-0.000013
-0.000007
-0.000004
-0.000002
-0.000000
0.000000
0.000000
0.000000
0.000000
0.000000
0.000000
0.000000
0.000000
0.000000
0.000000
0.000000
0.000000
0.000000
0.000000
0.000000
0.000000
0.000000
0.000000
0.000000
0.000000
0.000000
0.000000
0.000000
0.000000
0.000000
0.000000
0.000000
0.000000
0.000000
0.000000
0.000000
0.000000
0.000000
0.000000
0.000000
0.000000
0.000000
0.000000
0.000000
0.000000
0.000000
0.000000
0.000000
0.000000
0.000000
0.000000
0.000000
0.000000
0.000000
0.000000
0.000000
0.000000
0.000000
0.000000
0.000000
0.000000
0.000000
0.000000
0.000000
0.000000
0.000000
0.000000
0.000000
0.000000
0.000000
0.000000
0.000000
0.000000
0.000000
0.000000
0.000000
0.000000
0.000000
0.000000
0.000000
0.000000
0.000000
0.000000
0.000000
0.000000
0.000000
0.000000
0.000000
0.000000
0.000000
0.000000
0.000000
0.000000
0.000000
0.000000
0.000000
0.000000
0.000000
0.000000
0.000000
0.000000
0.000000
0.000000
0.000000
0.000000
0.000000
0.000000
0.000000
0.000000
0.000000
0.000000
0.000000
0.000000
0.000000
0.000000
0.000000
0.000000
0.000000
0.000000
0.000000
0.000000
0.000000
0.000000
0.000000
0.000000
0.000000
0.000000
0.000000
0.000000
0.000000
0.000000
0.000000
0.000000
0.000000
0.000000
0.000000
0.000000
0.000000
0.000000
0.000000
0.000000
0.000000
0.000000
0.000000
0.000000
0.000000
0.000000
0.000000
0.000000
0.000000
0.000000
0.000000
0.000000
0.000000
0.000000
0.000000
0.000000
0.000000
0.000000
0.000000
0.000000
0.000000
0.000000
0.000000
0.000000
0.000000
0.000000
0.000000
0.000000
0.000000
0.000000
0.000000
0.000000
0.000000
0.000000
0.000000
0.000000
0.000000
0.000000
0.000000
0.000000
0.000000
0.000000
0.000000
0.000000
0.000000
0.000000
0.000000
0.000000
0.000000
0.000000
0.000000
0.000000
0.000000
0.000000
0.000000
0.000000
0.000000
0.000000
0.000000
0.000000
0.000000
0.000000
0.000000
0.000000
0.000000
0.000000
0.000000
0.000000
0.000000
0.000000
0.000000
0.000000
0.000000
0.000000
0.000000
0.000000
0.000000
0.000000
0.000000
0.000000
0.000000
0.000000
0.000000
0.000000
0.000000
0.000000
0.000000
0.000000
0.000000
0.000000
0.000000
0.000000
0.000000
0.000000
0.000000
0.000000
0.000000
0.000000
0.000000
0.000000
0.000000
0.000000
0.000000
0.000000
0.000000
0.000000
0.000000
0.000000
0.000000
0.000000
0.000000
0.000000
0.000000
0.000000
0.000000
0.000000
0.000000
0.000000
0.000000
0.000000
