0.000000
-0.870376
0.645828
-0.494412
0.563370
-0.130368
0.179463
-0.243550
-0.143489
0.216503
-0.042454
0.134061
-0.337776
0.083810
0.061698
0.068994
-0.041057
-0.037122
0.047820
-0.006138
-0.023308
0.040718
-0.035810
-0.005652
0.037905
-0.034874
0.025321
-0.022068
0.017519
0.009754
-0.027033
0.025764
-0.074209
0.072132
-0.006682
-0.024782
0.068095
-0.113461
0.085481
-0.032137
0.030149
-0.007846
-0.013469
-0.015333
0.026611
-0.020070
0.000055
0.014944
0.019292
-0.065045
0.073851
-0.054545
0.014213
0.013936
-0.004046
0.012285
-0.029051
0.014684
0.000477
-0.006567
0.006268
0.002848
-0.016763
0.028824
-0.015113
-0.011842
0.015798
-0.005132
0.005849
-0.007295
-0.003340
0.005606
0.007562
-0.017503
0.010013
-0.004189
0.000863
0.003644
0.001270
-0.007570
0.010190
0.001889
-0.024316
0.030262
-0.017426
0.004787
-0.004625
0.008556
-0.001136
-0.003293
-0.007197
0.007476
0.001218
-0.001021
-0.000050
-0.001012
0.005498
-0.003521
-0.002810
-0.003474
0.006371
0.009576
-0.023366
0.011123
0.004088
0.001142
-0.004601
-0.004276
0.007704
-0.001233
-0.003993
0.005754
-0.005247
0.004351
-0.002360
-0.002320
0.002578
-0.006041
0.017752
-0.024156
0.014883
-0.004051
0.000334
0.004626
-0.002733
0.000291
0.000940
-0.001605
-0.004755
0.008041
-0.007748
0.008323
-0.007007
-0.007031
0.021083
-0.016654
0.005486
0.002312
-0.002970
-0.001550
0.001055
0.003993
-0.000285
-0.005681
0.002701
0.001662
-0.002662
-0.000572
0.000712
-0.001730
0.010094
-0.009997
0.001900
0.000907
0.004508
-0.009803
0.004022
0.003356
-0.000300
-0.002073
-0.003104
0.004597
-0.000564
0.000096
-0.000585
-0.001628
-0.003497
0.003162
0.011442
-0.014040
0.005896
-0.002840
-0.000677
0.004868
-0.006152
0.005049
-0.004460
0.004579
-0.003648
0.003310
-0.002483
0.000411
-0.000650
0.002806
-0.000294
-0.002464
0.002789
-0.005000
0.003847
-0.002347
0.000911
0.002540
0.000477
0.000257
-0.004275
0.002218
-0.002429
0.001695
-0.002307
0.005878
-0.003472
-0.000705
0.000584
0.004071
-0.004727
0.000656
0.001163
-0.001891
0.001743
-0.001762
0.002561
-0.003858
0.001632
0.001020
-0.001331
0.003209
-0.002962
0.000859
0.002845
-0.004464
0.001183
0.000583
0.001181
-0.004577
0.003422
0.000205
-0.001337
0.004527
-0.007441
0.004589
0.000867
-0.001885
0.000386
-0.000983
0.003916
-0.004103
-0.001416
0.002666
0.001517
-0.002742
0.001298
-0.000533
0.000054
0.000005
-0.000263
0.000376
-0.000494
0.003391
-0.003316
0.000003
0.000496
-0.000536
0.000254
-0.000035
0.003350
-0.004848
0.000798
0.003145
-0.005350
0.006944
-0.005714
0.002043
0.001611
-0.006000
0.008605
-0.004485
-0.001061
0.001538
-0.001706
0.002439
0.000483
-0.003724
0.004211
-0.002133
-0.000586
-0.004094
0.012035
-0.012904
0.010104
-0.003553
0.000734
-0.002343
0.000425
-0.001448
0.001996
0.000151
0.000770
-0.002183
0.002466
-0.005143
0.006816
-0.005304
0.002333
0.000395
-0.000298
-0.000326
0.000969
-0.002289
0.001900
-0.000547
0.000282
0.000212
0.001699
-0.004638
0.002773
-0.000223
-0.000007
-0.000009
0.000080
-0.000076
-0.000104
0.000089
0.000120
-0.000017
-0.000181
0.000166
0.000003
-0.000178
0.000058
0.000115
0.000006
-0.000095
0.000060
-0.000105
0.000116
-0.000104
0.000172
-0.000160
0.000133
-0.000159
0.000114
-0.000039
-0.000096
0.000146
0.000089
-0.000228
0.000111
-0.000074
0.000059
0.000022
-0.000146
0.000260
-0.000308
0.000268
-0.000091
0.000007
-0.000025
0.000056
-0.000109
0.000072
-0.000082
0.000128
-0.000006
-0.000116
0.000148
-0.000103
-0.000142
0.000242
-0.000100
0.000048
0.000033
-0.000223
0.000319
-0.000168
-0.000058
0.000138
-0.000128
0.000100
-0.000078
0.000084
-0.000041
-0.000043
0.000017
0.000061
-0.000142
0.000221
-0.000070
-0.000109
-0.000025
0.000199
-0.000289
0.000256
-0.000024
-0.000135
0.000076
0.000102
-0.000185
0.000223
-0.000220
0.000100
0.000005
-0.000100
0.000094
0.000008
-0.000080
0.000029
0.000072
0.000048
-0.000098
-0.000129
0.000227
-0.000046
-0.000215
0.000235
-0.000097
0.000102
-0.000091
-0.000045
0.000091
-0.000027
0.000066
-0.000042
-0.000081
0.000063
-0.000056
0.000076
-0.000123
0.000150
-0.000008
-0.000061
0.000117
-0.000154
0.000011
-0.000015
0.000125
0.000023
-0.000209
0.000162
-0.000055
-0.000072
0.000120
0.000049
-0.000020
-0.000266
0.000347
-0.000190
0.000029
0.000015
0.000049
-0.000096
0.000063
0.000004
-0.000088
0.000083
-0.000043
0.000075
-0.000003
-0.000060
-0.000039
-0.000015
0.000092
-0.000091
0.000121
0.000025
-0.000200
0.000204
-0.000096
-0.000037
0.000134
-0.000129
0.000114
-0.000001
-0.000195
0.000120
0.000050
-0.000036
-0.000031
0.000101
-0.000164
0.000120
-0.000106
0.000197
-0.000252
0.000141
0.000038
-0.000070
0.000014
0.000067
-0.000028
-0.000149
0.000102
0.000133
-0.000162
-0.000049
0.000160
-0.000116
0.000049
0.000012
0.000002
-0.000012
-0.000003
-0.000054
0.000061
0.000075
-0.000167
0.000141
-0.000014
-0.000136
0.000162
-0.000121
0.000075
-0.000056
-0.000034
0.000074
0.000094
-0.000051
-0.000033
-0.000167
0.000218
-0.000117
0.000015
0.000085
0.000000
0.000000
0.000000
0.000000
0.000000
0.000000
0.000000
0.000000
0.000000
0.000000
0.000000
0.000000
0.000000
0.000000
0.000000
0.000000
0.000000
0.000000
0.000000
0.000000
0.000000
0.000000
0.000000
0.000000
0.000000
0.000000
0.000000
0.000000
0.000000
0.000000
0.000000
0.000000
0.000000
0.000000
0.000000
0.000000
0.000000
0.000000
0.000000
0.000000
0.000000
0.000000
0.000000
0.000000
0.000000
0.000000
0.000000
0.000000
0.000000
0.000000
0.000000
0.000000
0.000000
0.000000
0.000000
0.000000
0.000000
0.000000
0.000000
0.000000
0.000000
0.000000
0.000000
0.000000
0.000000
0.000000
0.000000
0.000000
0.000000
0.000000
0.000000
0.000000
0.000000
0.000000
0.000000
0.000000
0.000000
0.000000
0.000000
0.000000
0.000000
0.000000
0.000000
0.000000
0.000000
0.000000
0.000000
0.000000
0.000000
0.000000
0.000000
0.000000
0.000000
0.000000
0.000000
0.000000
0.000000
0.000000
0.000000
0.000000
0.000000
0.000000
0.000000
0.000000
0.000000
0.000000
0.000000
0.000000
0.000000
0.000000
0.000000
0.000000
0.000000
0.000000
0.000000
0.000000
0.000000
0.000000
0.000000
0.000000
0.000000
0.000000
0.000000
0.000000
0.000000
0.000000
0.000000
0.000000
0.000000
0.000000
0.000000
0.000000
0.000000
0.000000
0.000000
0.000000
0.000000
0.000000
0.000000
0.000000
0.000000
0.000000
0.000000
0.000000
0.000000
0.000000
0.000000
0.000000
0.000000
0.000000
0.000000
0.000000
0.000000
0.000000
0.000000
0.000000
0.000000
0.000000
0.000000
0.000000
0.000000
0.000000
0.000000
0.000000
0.000000
0.000000
0.000000
0.000000
0.000000
0.000000
0.000000
0.000000
0.000000
0.000000
0.000000
0.000000
0.000000
0.000000
0.000000
0.000000
0.000000
0.000000
0.000000
0.000000
0.000000
0.000000
0.000000
0.000000
0.000000
0.000000
0.000000
0.000000
0.000000
0.000000
0.000000
0.000000
0.000000
0.000000
0.000000
0.000000
0.000000
0.000000
0.000000
0.000000
0.000000
0.000000
0.000000
0.000000
0.000000
0.000000
0.000000
0.000000
0.000000
0.000000
0.000000
0.000000
0.000000
0.000000
0.000000
0.000000
0.000000
0.000000
0.000000
0.000000
0.000000
0.000000
0.000000
0.000000
0.000000
0.000000
0.000000
0.000000
0.000000
0.000000
0.000000
0.000000
0.000000
0.000000
0.000000
0.000000
0.000000
0.000000
0.000000
0.000000
0.000000
0.000000
0.000000
0.000000
0.000000
0.000000
0.000000
0.000000
0.000000
0.000000
0.000000
0.000000
0.000000
0.000000
0.000000
0.000000
0.000000
0.000000
0.000000
0.000000
0.000000
0.000000
0.000000
0.000000
0.000000
0.000000
0.000000
0.000000
0.000000
0.000000
0.000000
0.000000
0.000000
0.000000
0.000000
0.000000
0.000000
0.000000
0.000000
0.000000
0.000000
0.000000
0.000000
0.000000
0.000000
0.000000
0.000000
0.000000
0.000000
0.000000
0.000000
0.000000
0.000000
0.000000
0.000000
0.000000
0.000000
0.000000
0.000000
0.000000
0.000000
0.000000
0.000000
0.000000
0.000000
0.000000
0.000000
0.000000
0.000000
0.000000
0.000000
0.000000
0.000000
0.000000
0.000000
0.000000
0.000000
0.000000
0.000000
0.000000
0.000000
0.000000
0.000000
0.000000
0.000000
0.000000
0.000000
0.000000
0.000000
0.000000
0.000000
0.000000
0.000000
0.000000
0.000000
0.000000
0.000000
0.000000
0.000000
0.000000
0.000000
0.000000
0.000000
0.000000
0.000000
0.000000
0.000000
0.000000
0.000000
0.000000
0.000000
0.000000
0.000000
0.000000
0.000000
0.000000
0.000000
0.000000
0.000000
0.000000
0.000000
0.000000
0.000000
0.000000
0.000000
0.000000
0.000000
0.000000
0.000000
0.000000
0.000000
0.000000
0.000000
0.000000
0.000000
0.000000
0.000000
0.000000
0.000000
0.000000
0.000000
0.000000
0.000000
0.000000
0.000000
0.000000
0.000000
0.000000
0.000000
0.000000
0.000000
0.000000
0.000000
0.000000
0.000000
0.000000
0.000000
0.000000
0.000000
0.000000
0.000000
0.000000
0.000000
0.000000
0.000000
0.000000
0.000000
0.000000
0.000000
0.000000
0.000000
0.000000
0.000000
0.000000
0.000000
0.000000
0.000000
0.000000
0.000000
0.000000
0.000000
0.000000
0.000000
0.000000
0.000000
0.000000
0.000000
0.000000
0.000000
0.000000
0.000000
0.000000
0.000000
0.000000
0.000000
0.000000
0.000000
0.000000
0.000000
0.000000
0.000000
0.000000
0.000000
0.000000
0.000000
0.000000
0.000000
0.000000
0.000000
0.000000
0.000000
0.000000
0.000000
0.000000
0.000000
0.000000
0.000000
0.000000
0.000000
0.000000
0.000000
0.000000
0.000000
0.000000
0.000000
0.000000
0.000000
0.000000
0.000000
0.000000
0.000000
0.000000
0.000000
0.000000
0.000000
0.000000
0.000000
0.000000
0.000000
0.000000
0.000000
0.000000
0.000000
0.000000
0.000000
0.000000
0.000000
0.000000
0.000000
0.000000
0.000000
0.000000
0.000000
0.000000
0.000000
0.000000
0.000000
0.000000
0.000000
0.000000
0.000000
0.000000
0.000000
0.000000
0.000000
0.000000
0.000000
0.000000
