-9.190619
7.592537
-2.554308
2.907696
-4.741846
1.466384
-2.230407
6.038585
-4.517597
-2.577140
4.144482
1.967291
-12.924283
17.402763
-7.229463
-0.537312
0.648528
-0.016043
-0.888762
1.811566
-1.448589
-0.602339
3.338515
-3.617276
1.050433
0.185980
-0.113401
0.042857
-0.695141
1.264719
-0.610519
0.038022
-0.003263
-0.001115
-0.107703
0.336852
-0.327206
0.116336
-0.031718
0.048891
-0.078579
0.026809
0.030752
-0.031278
0.043418
-0.042626
0.022242
0.016437
-0.043884
0.044903
-0.038473
0.012230
0.002325
-0.010932
0.022719
-0.011927
-0.002914
0.005160
0.009899
-0.020628
-0.016481
0.082971
-0.074847
0.074023
-0.141164
0.124145
-0.026584
-0.023562
-0.009919
0.056588
-0.055734
0.034101
0.001225
0.008491
-0.066220
0.049201
0.007186
-0.051299
0.071873
-0.000178
-0.171027
0.241245
-0.106044
0.000747
-0.006797
0.036815
0.007935
-0.091646
0.068982
-0.018266
0.073838
-0.133187
0.068386
-0.017358
0.020145
-0.022559
0.029465
-0.052622
0.081293
-0.033102
-0.023086
0.025668
-0.005811
-0.037291
0.056006
0.001273
-0.032180
-0.019813
0.062457
-0.051966
0.012347
0.003536
0.001746
0.019952
-0.033393
0.029998
-0.031456
0.015700
-0.025260
0.046352
-0.028454
0.017590
-0.020991
-0.014355
0.036244
0.010431
-0.048710
0.021579
0.042093
-0.061515
0.017793
-0.018830
0.057538
-0.032697
-0.059224
0.108485
-0.027124
-0.063607
0.055451
0.007225
-0.048606
0.059617
-0.061197
0.039922
-0.021096
0.019386
-0.011796
-0.001953
-0.002950
0.017932
0.005784
-0.032569
0.011151
0.019225
-0.020946
0.025829
-0.016296
-0.010718
0.046323
-0.106655
0.074516
-0.002056
-0.014922
0.016791
-0.003882
-0.007854
0.025328
-0.020184
-0.024722
0.042846
-0.021743
0.008821
0.001224
-0.021233
0.010959
0.025147
-0.028451
0.008883
-0.002046
0.017062
-0.019452
-0.010147
0.009411
-0.016415
0.032705
0.004053
-0.026923
0.012037
0.004383
-0.014586
0.013760
0.001403
-0.014160
0.004436
0.000289
0.007927
-0.008924
-0.006695
0.010296
0.042311
-0.062695
0.018050
0.005360
-0.003293
-0.020287
0.050190
-0.028016
-0.008242
0.005118
-0.014003
0.041775
-0.043456
0.009752
0.072890
-0.093238
0.013901
0.011311
0.003007
-0.002074
0.002237
-0.000030
-0.000848
-0.000660
0.000709
0.002769
0.004398
-0.006136
-0.005827
0.003743
0.001493
-0.000681
0.002453
0.001433
-0.007628
0.003393
-0.000886
0.004783
-0.004720
0.022335
-0.035451
0.014835
0.000051
-0.004190
0.001642
-0.036097
0.135891
-0.145056
0.051824
-0.010409
0.032298
-0.049535
0.025928
-0.000429
0.003260
-0.003428
-0.001228
-0.005937
0.000038
0.005812
0.002406
-0.001364
-0.000915
-0.000063
0.000208
-0.000358
0.000836
-0.001308
0.001712
0.000055
-0.007246
0.005551
0.009736
-0.005731
-0.013144
0.013218
-0.004119
-0.008841
0.025500
-0.020189
-0.034247
0.136446
-0.158599
0.077128
-0.020169
-0.006141
0.009735
-0.000618
0.006332
-0.013459
0.000249
0.011052
-0.000444
-0.005050
-0.005936
0.005789
0.006280
-0.002767
-0.001550
0.000674
-0.000577
0.000266
-0.000111
-0.000192
0.000480
-0.000614
0.000289
0.000165
-0.000316
0.000430
-0.000478
0.000216
0.000725
-0.001171
0.001794
-0.001542
0.001726
0.011290
0.002939
-0.096045
0.115165
-0.032596
-0.007337
0.015051
-0.011141
0.001961
-0.000483
-0.000335
0.000183
-0.000095
0.000387
-0.000724
-0.000407
0.000946
-0.000117
-0.000669
0.000908
-0.001300
0.002034
-0.003939
0.005773
-0.011181
0.009000
0.007155
-0.010326
0.003286
-0.001164
-0.000105
0.000580
-0.000685
0.000489
-0.000318
0.000022
0.000140
-0.000278
0.000496
-0.000992
0.000185
0.002925
-0.040731
0.073322
-0.029583
-0.005056
-0.000958
0.000424
0.000156
0.000044
-0.000017
-0.000122
0.000124
0.000002
-0.000065
0.000207
-0.000113
0.000029
-0.000012
-0.000159
0.000460
-0.000381
0.000031
-0.000091
0.000030
0.000515
-0.000688
0.000671
-0.000605
0.000424
-0.000391
0.000297
-0.000264
0.000280
-0.000140
0.000107
0.000033
-0.000352
0.000513
-0.000321
0.000031
-0.000108
0.000211
-0.000039
-0.000134
0.000091
0.000054
0.000046
-0.000105
-0.000078
0.000235
-0.000344
0.000461
-0.000443
0.000071
0.000126
0.000170
-0.000376
0.000393
-0.000240
0.000034
-0.000070
0.000162
-0.000185
-0.000026
0.000386
-0.000396
0.000129
-0.000024
0.000160
-0.000273
0.000091
0.000124
0.000027
-0.000054
-0.000086
-0.000068
0.000204
-0.000229
0.000211
-0.000110
0.000049
0.000208
-0.000365
0.000145
0.000044
-0.000120
0.000118
0.000026
-0.000159
-0.000002
0.000187
0.000000
-0.000253
0.000185
0.000014
-0.000088
0.000151
-0.000187
-0.000020
0.000370
-0.000533
0.000315
0.000173
-0.000163
-0.000318
0.000384
-0.000117
0.000189
-0.000425
0.000456
-0.000383
0.000249
-0.000289
0.000172
0.000047
-0.000055
0.000191
-0.000315
0.000276
-0.000141
-0.000056
0.000089
0.000060
-0.000057
0.000058
-0.000183
-0.000076
0.000486
-0.000492
0.000234
-0.000027
-0.000032
-0.000085
0.000134
0.000088
-0.000080
-0.000164
0.000342
-0.000199
-0.000078
-0.000120
0.000407
-0.000558
0.000489
-0.000160
-0.000102
0.000103
0.000033
-0.000005
0.000001
0.000162
-0.000549
0.000370
0.000098
0.000082
0.000000
0.000000
0.000000
0.000000
0.000000
0.000000
0.000000
0.000000
0.000000
0.000000
0.000000
0.000000
0.000000
0.000000
0.000000
0.000000
0.000000
0.000000
0.000000
0.000000
0.000000
0.000000
0.000000
0.000000
0.000000
0.000000
0.000000
0.000000
0.000000
0.000000
0.000000
0.000000
0.000000
0.000000
0.000000
0.000000
0.000000
0.000000
0.000000
0.000000
0.000000
0.000000
0.000000
0.000000
0.000000
0.000000
0.000000
0.000000
0.000000
0.000000
0.000000
0.000000
0.000000
0.000000
0.000000
0.000000
0.000000
0.000000
0.000000
0.000000
0.000000
0.000000
0.000000
0.000000
0.000000
0.000000
0.000000
0.000000
0.000000
0.000000
0.000000
0.000000
0.000000
0.000000
0.000000
0.000000
0.000000
0.000000
0.000000
0.000000
0.000000
0.000000
0.000000
0.000000
0.000000
0.000000
0.000000
0.000000
0.000000
0.000000
0.000000
0.000000
0.000000
0.000000
0.000000
0.000000
0.000000
0.000000
0.000000
0.000000
0.000000
0.000000
0.000000
0.000000
0.000000
0.000000
0.000000
0.000000
0.000000
0.000000
0.000000
0.000000
0.000000
0.000000
0.000000
0.000000
0.000000
0.000000
0.000000
0.000000
0.000000
0.000000
0.000000
0.000000
0.000000
0.000000
0.000000
0.000000
0.000000
0.000000
0.000000
0.000000
0.000000
0.000000
0.000000
0.000000
0.000000
0.000000
0.000000
0.000000
0.000000
0.000000
0.000000
0.000000
0.000000
0.000000
0.000000
0.000000
0.000000
0.000000
0.000000
0.000000
0.000000
0.000000
0.000000
0.000000
0.000000
0.000000
0.000000
0.000000
0.000000
0.000000
0.000000
0.000000
0.000000
0.000000
0.000000
0.000000
0.000000
0.000000
0.000000
0.000000
0.000000
0.000000
0.000000
0.000000
0.000000
0.000000
0.000000
0.000000
0.000000
0.000000
0.000000
0.000000
0.000000
0.000000
0.000000
0.000000
0.000000
0.000000
0.000000
0.000000
0.000000
0.000000
0.000000
0.000000
0.000000
0.000000
0.000000
0.000000
0.000000
0.000000
0.000000
0.000000
0.000000
0.000000
0.000000
0.000000
0.000000
0.000000
0.000000
0.000000
0.000000
0.000000
0.000000
0.000000
0.000000
0.000000
0.000000
0.000000
0.000000
0.000000
0.000000
0.000000
0.000000
0.000000
0.000000
0.000000
0.000000
0.000000
0.000000
0.000000
0.000000
0.000000
0.000000
0.000000
0.000000
0.000000
0.000000
0.000000
0.000000
0.000000
0.000000
0.000000
0.000000
0.000000
0.000000
0.000000
0.000000
0.000000
0.000000
0.000000
0.000000
0.000000
0.000000
0.000000
0.000000
0.000000
0.000000
0.000000
0.000000
0.000000
0.000000
0.000000
0.000000
0.000000
0.000000
0.000000
0.000000
0.000000
0.000000
0.000000
0.000000
0.000000
0.000000
0.000000
0.000000
0.000000
0.000000
0.000000
0.000000
0.000000
0.000000
0.000000
0.000000
0.000000
0.000000
0.000000
0.000000
0.000000
0.000000
0.000000
0.000000
0.000000
0.000000
0.000000
0.000000
0.000000
0.000000
0.000000
0.000000
0.000000
0.000000
0.000000
0.000000
0.000000
0.000000
0.000000
0.000000
0.000000
0.000000
0.000000
0.000000
0.000000
0.000000
0.000000
0.000000
0.000000
0.000000
0.000000
0.000000
0.000000
0.000000
0.000000
0.000000
0.000000
0.000000
0.000000
0.000000
0.000000
0.000000
0.000000
0.000000
0.000000
0.000000
0.000000
0.000000
0.000000
0.000000
0.000000
0.000000
0.000000
0.000000
0.000000
0.000000
0.000000
0.000000
0.000000
0.000000
0.000000
0.000000
0.000000
0.000000
0.000000
0.000000
0.000000
0.000000
0.000000
0.000000
0.000000
0.000000
0.000000
0.000000
0.000000
0.000000
0.000000
0.000000
0.000000
0.000000
0.000000
0.000000
0.000000
0.000000
0.000000
0.000000
0.000000
0.000000
0.000000
0.000000
0.000000
0.000000
0.000000
0.000000
0.000000
0.000000
0.000000
0.000000
0.000000
0.000000
0.000000
0.000000
0.000000
0.000000
0.000000
0.000000
0.000000
0.000000
0.000000
0.000000
0.000000
0.000000
0.000000
0.000000
0.000000
0.000000
0.000000
0.000000
0.000000
0.000000
0.000000
0.000000
0.000000
0.000000
0.000000
0.000000
0.000000
0.000000
0.000000
0.000000
0.000000
0.000000
0.000000
0.000000
0.000000
0.000000
0.000000
0.000000
0.000000
0.000000
0.000000
0.000000
0.000000
0.000000
0.000000
0.000000
0.000000
0.000000
0.000000
0.000000
0.000000
0.000000
0.000000
0.000000
0.000000
0.000000
0.000000
0.000000
0.000000
0.000000
0.000000
0.000000
0.000000
0.000000
0.000000
0.000000
0.000000
0.000000
0.000000
0.000000
0.000000
0.000000
0.000000
0.000000
0.000000
0.000000
0.000000
0.000000
0.000000
0.000000
0.000000
0.000000
0.000000
0.000000
0.000000
0.000000
0.000000
0.000000
0.000000
0.000000
0.000000
0.000000
0.000000
0.000000
0.000000
0.000000
0.000000
0.000000
0.000000
0.000000
0.000000
0.000000
0.000000
0.000000
0.000000
0.000000
0.000000
0.000000
0.000000
0.000000
0.000000
0.000000
0.000000
0.000000
0.000000
0.000000
0.000000
0.000000
0.000000
0.000000
0.000000
0.000000
0.000000
