0.000000
40.404343
-24.581043
11.904697
-8.297294
3.603072
-15.391892
17.510544
-5.335627
-3.707685
8.439009
-6.125077
1.144731
1.021510
0.178047
-1.246491
0.897927
-0.445555
-0.940266
2.904967
-2.660010
-0.067566
3.568991
-4.192272
0.975433
1.700676
-1.969185
0.557010
-0.101669
0.429625
-0.223855
0.123771
-0.261940
0.219616
0.022387
-0.154113
0.107549
-0.011875
-0.018766
0.030504
-0.061689
0.076173
-0.091638
0.062430
-0.006768
-0.000861
0.020729
-0.026331
-0.008730
0.029882
-0.002049
-0.053489
0.052904
-0.022701
-0.030195
0.048609
0.004365
0.005293
-0.031587
0.024853
-0.043768
0.026025
0.037096
-0.051989
0.071222
-0.070525
0.003142
0.030870
-0.005211
-0.049277
0.077174
-0.069403
0.022654
0.055067
-0.084678
0.045261
0.010484
-0.021062
-0.012263
0.028099
-0.038715
0.058357
-0.059241
0.029011
-0.007639
0.001732
0.062411
-0.099157
0.040157
-0.020379
0.061137
-0.082902
0.032397
0.044830
-0.050830
0.051904
-0.099278
0.093077
-0.008461
-0.004884
-0.042773
0.015384
-0.027387
0.094730
-0.053169
0.003758
-0.034875
0.052040
-0.051483
0.034720
-0.002197
-0.008430
0.033668
-0.060682
0.028576
0.014898
-0.020320
-0.025038
0.055590
-0.012735
-0.037216
0.020665
0.025462
-0.013938
-0.018405
0.008903
0.006432
0.017259
-0.036289
0.035301
-0.025007
0.006071
-0.020541
0.005062
0.032180
-0.002106
0.006059
-0.047067
0.056149
-0.049941
-0.002109
0.022848
0.021808
-0.020259
-0.003241
0.017104
-0.037542
0.024527
-0.019110
0.032519
-0.014706
0.013395
-0.043486
0.058432
-0.059576
0.050044
-0.007006
-0.059953
0.086034
-0.083634
0.048521
-0.006293
0.016988
-0.017471
0.003541
-0.000765
0.002092
0.006796
-0.024581
0.022338
-0.009563
0.000041
0.017327
-0.033649
0.034115
-0.031602
0.018942
-0.000925
0.001325
0.005405
-0.026682
0.010200
0.029164
-0.051342
0.154646
-0.215547
0.062681
0.054258
-0.025194
-0.006271
-0.004326
0.032579
-0.050740
0.036416
-0.005885
-0.004243
-0.008178
0.037491
0.004186
-0.089371
0.063648
-0.000732
-0.004020
-0.003565
0.009277
0.009820
-0.041071
0.036310
-0.036860
0.048654
-0.017355
-0.023415
0.035461
-0.085629
0.116149
-0.057355
0.012654
-0.005194
0.001542
0.000470
-0.001180
-0.000512
0.001167
0.001434
0.001553
-0.004957
-0.006068
0.005403
0.004503
-0.002014
0.000072
0.013675
-0.040401
0.037784
-0.012865
0.004588
0.000804
-0.010059
0.014509
-0.022243
0.016218
-0.002998
-0.001936
0.002682
0.000745
0.003381
-0.009161
0.001521
0.031141
-0.047633
0.018890
0.000169
0.005009
-0.005922
-0.001305
-0.001987
0.000424
0.007800
0.001490
-0.003031
-0.002408
0.000404
0.000507
-0.000394
0.000295
-0.000303
0.000075
0.000956
-0.004614
0.003728
0.007095
-0.012289
0.005624
0.019663
-0.026486
-0.000115
0.015853
0.010308
-0.025115
0.078045
-0.314511
0.341916
-0.093537
-0.018635
0.007278
0.021871
-0.004561
-0.017026
-0.001244
0.012546
-0.001938
-0.005902
-0.004001
0.005669
0.006724
-0.004542
-0.003666
0.000953
0.000186
-0.000246
0.000017
-0.000305
0.000290
0.000026
-0.000033
-0.000547
0.000433
-0.000156
-0.000077
-0.000447
0.000608
-0.001117
0.000323
-0.000274
-0.002985
0.001719
-0.020917
-0.021166
0.176575
-0.160298
0.019897
0.010093
-0.007301
0.002818
0.002419
-0.000979
0.000852
0.000233
-0.000404
0.000677
-0.000512
-0.000452
0.001548
-0.001447
0.001185
-0.001065
0.000485
-0.000179
-0.002412
0.012711
0.012501
-0.038800
0.007598
0.007487
0.001644
-0.001561
0.001460
-0.000535
0.000288
-0.000357
0.000604
-0.000270
0.000230
-0.000067
0.000135
0.000186
0.001346
0.006294
0.008490
-0.054676
0.047039
-0.008579
-0.000486
0.000275
-0.000081
0.000024
-0.000069
0.000045
-0.000030
0.000065
-0.000237
0.000216
-0.000143
-0.000131
0.000573
-0.000429
-0.000005
-0.000050
0.000343
-0.000281
-0.000054
0.000064
0.000040
0.000162
-0.000276
0.000088
0.000198
-0.000294
0.000056
0.000038
-0.000053
0.000118
0.000095
-0.000104
-0.000089
0.000124
-0.000173
-0.000010
0.000147
0.000093
-0.000078
-0.000150
-0.000013
0.000173
-0.000002
-0.000183
0.000093
0.000271
-0.000189
-0.000192
0.000159
-0.000051
0.000004
-0.000052
0.000310
-0.000314
0.000208
-0.000244
0.000223
-0.000106
-0.000070
0.000110
-0.000031
-0.000188
0.000448
-0.000200
-0.000242
0.000505
-0.000586
0.000315
0.000003
-0.000069
-0.000058
0.000243
-0.000080
-0.000386
0.000387
-0.000074
0.000114
-0.000151
0.000025
-0.000098
0.000078
-0.000047
0.000125
-0.000145
0.000242
-0.000252
0.000270
-0.000276
0.000195
-0.000107
-0.000024
-0.000120
0.000057
0.000193
0.000111
-0.000339
0.000243
0.000015
-0.000198
0.000175
-0.000135
0.000028
-0.000169
0.000454
-0.000461
0.000161
0.000066
0.000192
-0.000321
-0.000007
-0.000079
0.000637
-0.000703
0.000082
0.000261
-0.000125
0.000208
-0.000453
0.000475
-0.000268
0.000001
0.000391
-0.000592
0.000277
-0.000012
-0.000064
0.000149
-0.000155
0.000205
-0.000233
0.000120
0.000083
-0.000270
0.000089
0.000074
0.000276
-0.000404
0.000208
-0.000039
-0.000213
0.000362
-0.000394
0.000195
0.000196
-0.000161
-0.000059
0.000113
-0.000313
0.000180
0.000227
0.000000
0.000000
0.000000
0.000000
0.000000
0.000000
0.000000
0.000000
0.000000
0.000000
0.000000
0.000000
0.000000
0.000000
0.000000
0.000000
0.000000
0.000000
0.000000
0.000000
0.000000
0.000000
0.000000
0.000000
0.000000
0.000000
0.000000
0.000000
0.000000
0.000000
0.000000
0.000000
0.000000
0.000000
0.000000
0.000000
0.000000
0.000000
0.000000
0.000000
0.000000
0.000000
0.000000
0.000000
0.000000
0.000000
0.000000
0.000000
0.000000
0.000000
0.000000
0.000000
0.000000
0.000000
0.000000
0.000000
0.000000
0.000000
0.000000
0.000000
0.000000
0.000000
0.000000
0.000000
0.000000
0.000000
0.000000
0.000000
0.000000
0.000000
0.000000
0.000000
0.000000
0.000000
0.000000
0.000000
0.000000
0.000000
0.000000
0.000000
0.000000
0.000000
0.000000
0.000000
0.000000
0.000000
0.000000
0.000000
0.000000
0.000000
0.000000
0.000000
0.000000
0.000000
0.000000
0.000000
0.000000
0.000000
0.000000
0.000000
0.000000
0.000000
0.000000
0.000000
0.000000
0.000000
0.000000
0.000000
0.000000
0.000000
0.000000
0.000000
0.000000
0.000000
0.000000
0.000000
0.000000
0.000000
0.000000
0.000000
0.000000
0.000000
0.000000
0.000000
0.000000
0.000000
0.000000
0.000000
0.000000
0.000000
0.000000
0.000000
0.000000
0.000000
0.000000
0.000000
0.000000
0.000000
0.000000
0.000000
0.000000
0.000000
0.000000
0.000000
0.000000
0.000000
0.000000
0.000000
0.000000
0.000000
0.000000
0.000000
0.000000
0.000000
0.000000
0.000000
0.000000
0.000000
0.000000
0.000000
0.000000
0.000000
0.000000
0.000000
0.000000
0.000000
0.000000
0.000000
0.000000
0.000000
0.000000
0.000000
0.000000
0.000000
0.000000
0.000000
0.000000
0.000000
0.000000
0.000000
0.000000
0.000000
0.000000
0.000000
0.000000
0.000000
0.000000
0.000000
0.000000
0.000000
0.000000
0.000000
0.000000
0.000000
0.000000
0.000000
0.000000
0.000000
0.000000
0.000000
0.000000
0.000000
0.000000
0.000000
0.000000
0.000000
0.000000
0.000000
0.000000
0.000000
0.000000
0.000000
0.000000
0.000000
0.000000
0.000000
0.000000
0.000000
0.000000
0.000000
0.000000
0.000000
0.000000
0.000000
0.000000
0.000000
0.000000
0.000000
0.000000
0.000000
0.000000
0.000000
0.000000
0.000000
0.000000
0.000000
0.000000
0.000000
0.000000
0.000000
0.000000
0.000000
0.000000
0.000000
0.000000
0.000000
0.000000
0.000000
0.000000
0.000000
0.000000
0.000000
0.000000
0.000000
0.000000
0.000000
0.000000
0.000000
0.000000
0.000000
0.000000
0.000000
0.000000
0.000000
0.000000
0.000000
0.000000
0.000000
0.000000
0.000000
0.000000
0.000000
0.000000
0.000000
0.000000
0.000000
0.000000
0.000000
0.000000
0.000000
0.000000
0.000000
0.000000
0.000000
0.000000
0.000000
0.000000
0.000000
0.000000
0.000000
0.000000
0.000000
0.000000
0.000000
0.000000
0.000000
0.000000
0.000000
0.000000
0.000000
0.000000
0.000000
0.000000
0.000000
0.000000
0.000000
0.000000
0.000000
0.000000
0.000000
0.000000
0.000000
0.000000
0.000000
0.000000
0.000000
0.000000
0.000000
0.000000
0.000000
0.000000
0.000000
0.000000
0.000000
0.000000
0.000000
0.000000
0.000000
0.000000
0.000000
0.000000
0.000000
0.000000
0.000000
0.000000
0.000000
0.000000
0.000000
0.000000
0.000000
0.000000
0.000000
0.000000
0.000000
0.000000
0.000000
0.000000
0.000000
0.000000
0.000000
0.000000
0.000000
0.000000
0.000000
0.000000
0.000000
0.000000
0.000000
0.000000
0.000000
0.000000
0.000000
0.000000
0.000000
0.000000
0.000000
0.000000
0.000000
0.000000
0.000000
0.000000
0.000000
0.000000
0.000000
0.000000
0.000000
0.000000
0.000000
0.000000
0.000000
0.000000
0.000000
0.000000
0.000000
0.000000
0.000000
0.000000
0.000000
0.000000
0.000000
0.000000
0.000000
0.000000
0.000000
0.000000
0.000000
0.000000
0.000000
0.000000
0.000000
0.000000
0.000000
0.000000
0.000000
0.000000
0.000000
0.000000
0.000000
0.000000
0.000000
0.000000
0.000000
0.000000
0.000000
0.000000
0.000000
0.000000
0.000000
0.000000
0.000000
0.000000
0.000000
0.000000
0.000000
0.000000
0.000000
0.000000
0.000000
0.000000
0.000000
0.000000
0.000000
0.000000
0.000000
0.000000
0.000000
0.000000
0.000000
0.000000
0.000000
0.000000
0.000000
0.000000
0.000000
0.000000
0.000000
0.000000
0.000000
0.000000
0.000000
0.000000
0.000000
0.000000
0.000000
0.000000
0.000000
0.000000
0.000000
0.000000
0.000000
0.000000
0.000000
0.000000
0.000000
0.000000
0.000000
0.000000
0.000000
0.000000
0.000000
0.000000
0.000000
0.000000
0.000000
0.000000
0.000000
0.000000
0.000000
0.000000
0.000000
0.000000
0.000000
0.000000
0.000000
0.000000
0.000000
0.000000
0.000000
0.000000
0.000000
0.000000
0.000000
0.000000
0.000000
0.000000
0.000000
0.000000
0.000000
0.000000
0.000000
0.000000
0.000000
0.000000
0.000000
0.000000
0.000000
0.000000
0.000000
0.000000
0.000000
0.000000
0.000000
