0.000000
0.000000
0.000000
0.000000
0.000000
0.000000
0.000000
0.000000
0.000000
0.000000
0.000000
0.000000
0.000000
0.000000
0.000000
0.000000
0.000000
0.000000
0.000000
0.000000
0.000000
0.000000
0.000001
0.000001
0.000001
0.000002
0.000002
0.000002
0.000002
0.000002
0.000002
0.000002
0.000002
0.000003
0.000002
0.000002
0.000002
0.000001
0.000001
0.000000
0.000000
0.000000
0.000000
0.000000
0.000001
0.000003
0.000005
0.000006
0.000010
0.000015
0.000019
0.000024
0.000029
0.000034
0.000042
0.000049
0.000056
0.000064
0.000067
0.000074
0.000091
0.000100
0.000103
0.000115
0.000121
0.000115
0.000122
0.000135
0.000132
0.000125
0.000128
0.000129
0.000123
0.000126
0.000134
0.000128
0.000112
0.000103
0.000102
0.000097
0.000088
0.000081
0.000085
0.000086
0.000072
0.000062
0.000059
0.000050
0.000043
0.000042
0.000030
0.000015
0.000012
0.000011
0.000004
0.000000
0.000000
0.000004
0.000014
0.000021
0.000033
0.000068
0.000109
0.000144
0.000192
0.000237
0.000289
0.000371
0.000459
0.000576
0.000714
0.000796
0.000897
0.001074
0.001194
0.001302
0.001511
0.001654
0.001696
0.001839
0.002029
0.002098
0.002176
0.002384
0.002521
0.002463
0.002452
0.002551
0.002559
0.002532
0.002603
0.002662
0.002669
0.002643
0.002548
0.002486
0.002480
0.002412
0.002363
0.002374
0.002315
0.002286
0.002378
0.002354
0.002193
0.002167
0.002223
0.002211
0.002290
0.002423
0.002305
0.002202
0.002462
0.002720
0.002655
0.002578
0.002610
0.002714
0.002919
0.003043
0.003078
0.003228
0.003363
0.003443
0.003613
0.003659
0.003638
0.003951
0.004344
0.004400
0.004440
0.004700
0.004834
0.004774
0.004942
0.005280
0.005311
0.005290
0.005612
0.005844
0.005898
0.006212
0.006448
0.006337
0.006331
0.006436
0.006488
0.006634
0.006660
0.006514
0.006554
0.006660
0.006656
0.006705
0.006586
0.006171
0.005985
0.006042
0.005812
0.005512
0.005537
0.005457
0.005174
0.005183
0.005160
0.004678
0.004365
0.004446
0.004429
0.004312
0.004231
0.004073
0.003949
0.003861
0.003678
0.003553
0.003425
0.003109
0.002912
0.003046
0.003128
0.002892
0.002655
0.002585
0.002443
0.002239
0.002123
0.001872
0.001562
0.001565
0.001667
0.001529
0.001453
0.001467
0.001319
0.001243
0.001357
0.001399
0.001342
0.001334
0.001436
0.001690
0.001932
0.002081
0.002466
0.003004
0.003192
0.003322
0.003833
0.004227
0.004302
0.004794
0.005641
0.006004
0.006252
0.006882
0.007196
0.007201
0.007615
0.007934
0.007784
0.007827
0.007956
0.007514
0.006846
0.006515
0.006375
0.006074
0.005698
0.005544
0.005458
0.005028
0.004350
0.003897
0.003704
0.003431
0.003179
0.003227
0.003136
0.002669
0.002517
0.002685
0.002517
0.002279
0.002330
0.002326
0.002311
0.002464
0.002381
0.002186
0.002390
0.002757
0.002788
0.002635
0.002579
0.002655
0.002767
0.002813
0.002813
0.002786
0.002653
0.002464
0.002447
0.002479
0.002227
0.001977
0.002112
0.002221
0.001952
0.001719
0.001612
0.001433
0.001379
0.001457
0.001372
0.001264
0.001351
0.001451
0.001472
0.001622
0.001890
0.002052
0.002201
0.002560
0.003036
0.003428
0.003770
0.004269
0.005094
0.006017
0.006664
0.007452
0.008532
0.009231
0.009949
0.011381
0.012463
0.012792
0.013569
0.014515
0.014733
0.014894
0.015329
0.015348
0.015026
0.014907
0.014797
0.014352
0.013768
0.013197
0.012403
0.011438
0.010576
0.009799
0.008916
0.007871
0.006966
0.006499
0.006005
0.005079
0.004273
0.003737
0.003039
0.002406
0.002105
0.001783
0.001359
0.001122
0.000999
0.000778
0.000546
0.000416
0.000333
0.000250
0.000183
0.000125
0.000070
0.000040
0.000031
0.000025
0.000017
0.000007
0.000004
0.000007
0.000006
0.000001
0.000001
0.000002
0.000000
0.000000
0.000001
0.000001
0.000000
0.000000
0.000000
0.000000
0.000001
0.000007
0.000008
0.000005
0.000005
0.000010
0.000012
0.000012
0.000013
0.000014
0.000017
0.000021
0.000027
0.000035
0.000038
0.000049
0.000077
0.000089
0.000084
0.000103
0.000131
0.000140
0.000161
0.000207
0.000239
0.000261
0.000308
0.000366
0.000400
0.000432
0.000478
0.000503
0.000510
0.000544
0.000594
0.000626
0.000632
0.000623
0.000625
0.000634
0.000624
0.000607
0.000580
0.000532
0.000506
0.000504
0.000467
0.000409
0.000380
0.000363
0.000328
0.000289
0.000262
0.000235
0.000204
0.000179
0.000159
0.000134
0.000112
0.000098
0.000085
0.000071
0.000060
0.000050
0.000043
0.000037
0.000031
0.000026
0.000021
0.000016
0.000015
0.000014
0.000012
0.000010
0.000010
0.000008
0.000006
0.000005
0.000006
0.000005
0.000004
0.000004
0.000004
0.000003
0.000003
0.000003
0.000003
0.000002
0.000002
0.000002
0.000002
0.000001
0.000001
0.000001
0.000001
0.000001
0.000001
0.000001
0.000000
0.000000
0.000000
0.000000
0.000000
0.000000
0.000000
0.000000
0.000000
0.000000
0.000000
0.000000
0.000000
0.000000
0.000000
0.000000
0.000000
0.000000
