0.000000
0.000000
0.000000
0.000000
0.000000
0.000000
0.000000
0.000000
0.000000
0.000000
0.000000
0.000000
0.000000
0.000000
0.000000
0.000000
0.000000
0.000000
0.000000
0.000000
0.000000
0.000000
0.000000
0.000000
0.000000
0.000000
0.000000
0.000000
0.000000
0.000000
0.000000
0.000000
0.000000
0.000000
0.000000
0.000000
0.000000
0.000000
0.000000
0.000000
0.000000
0.000000
0.000000
0.000000
0.000000
0.000000
0.000000
0.000000
0.000000
0.000000
0.000000
0.000000
0.000000
0.000001
0.000001
0.000001
0.000001
0.000001
0.000001
0.000002
0.000002
0.000002
0.000002
0.000002
0.000003
0.000002
0.000002
0.000003
0.000003
0.000003
0.000003
0.000003
0.000002
0.000002
0.000002
0.000002
0.000002
0.000002
0.000002
0.000001
0.000001
0.000001
0.000001
0.000001
0.000001
0.000001
0.000001
0.000001
0.000001
0.000001
0.000001
0.000001
0.000000
0.000000
0.000000
0.000000
0.000000
0.000000
0.000000
0.000001
0.000001
0.000001
0.000002
0.000002
0.000003
0.000003
0.000004
0.000004
0.000004
0.000003
0.000003
0.000003
0.000004
0.000004
0.000004
0.000004
0.000004
0.000005
0.000004
0.000004
0.000004
0.000005
0.000005
0.000004
0.000004
0.000004
0.000005
0.000006
0.000007
0.000007
0.000004
0.000003
0.000003
0.000002
0.000001
0.000001
0.000000
0.000000
0.000000
0.000001
0.000001
0.000001
0.000001
0.000002
0.000003
0.000003
0.000004
0.000005
0.000006
0.000008
0.000010
0.000009
0.000007
0.000005
0.000005
0.000004
0.000004
0.000005
0.000005
0.000005
0.000005
0.000005
0.000007
0.000010
0.000013
0.000016
0.000019
0.000021
0.000024
0.000032
0.000041
0.000049
0.000058
0.000068
0.000076
0.000079
0.000084
0.000090
0.000096
0.000101
0.000111
0.000122
0.000131
0.000133
0.000130
0.000130
0.000132
0.000135
0.000136
0.000136
0.000131
0.000119
0.000113
0.000117
0.000121
0.000118
0.000117
0.000119
0.000119
0.000118
0.000119
0.000118
0.000109
0.000099
0.000094
0.000089
0.000080
0.000070
0.000055
0.000040
0.000029
0.000022
0.000016
0.000010
0.000004
0.000001
0.000000
0.000000
0.000001
0.000002
0.000004
0.000006
0.000007
0.000008
0.000010
0.000010
0.000012
0.000016
0.000022
0.000026
0.000025
0.000025
0.000029
0.000033
0.000037
0.000040
0.000046
0.000051
0.000053
0.000055
0.000057
0.000057
0.000055
0.000053
0.000055
0.000057
0.000060
0.000064
0.000066
0.000060
0.000050
0.000043
0.000036
0.000030
0.000026
0.000024
0.000019
0.000013
0.000009
0.000007
0.000006
0.000005
0.000005
0.000006
0.000006
0.000004
0.000002
0.000001
0.000001
0.000002
0.000001
0.000000
0.000000
0.000000
0.000001
0.000001
0.000001
0.000002
0.000003
0.000003
0.000003
0.000004
0.000006
0.000005
0.000004
0.000005
0.000005
0.000003
0.000003
0.000003
0.000002
0.000001
0.000001
0.000001
0.000000
0.000001
0.000001
0.000001
0.000004
0.000006
0.000006
0.000004
0.000004
0.000004
0.000003
0.000003
0.000003
0.000004
0.000004
0.000005
0.000005
0.000005
0.000005
0.000006
0.000006
0.000006
0.000007
0.000006
0.000006
0.000006
0.000008
0.000008
0.000007
0.000007
0.000009
0.000010
0.000010
0.000009
0.000007
0.000007
0.000007
0.000008
0.000007
0.000005
0.000003
0.000001
0.000000
0.000000
0.000000
0.000000
0.000000
0.000000
0.000000
0.000000
0.000001
0.000001
0.000002
0.000002
0.000002
0.000001
0.000001
0.000000
0.000000
0.000000
0.000000
0.000000
0.000001
0.000001
0.000001
0.000001
0.000002
0.000002
0.000003
0.000004
0.000005
0.000006
0.000007
0.000006
0.000004
0.000003
0.000003
0.000002
0.000001
0.000001
0.000001
0.000000
0.000000
0.000000
0.000000
0.000000
0.000000
0.000000
0.000000
0.000000
0.000000
0.000000
0.000000
0.000000
0.000000
0.000000
0.000000
0.000000
0.000001
0.000001
0.000001
0.000001
0.000002
0.000003
0.000004
0.000005
0.000006
0.000006
0.000007
0.000008
0.000009
0.000010
0.000011
0.000012
0.000012
0.000012
0.000012
0.000012
0.000011
0.000009
0.000008
0.000007
0.000007
0.000007
0.000007
0.000007
0.000007
0.000006
0.000005
0.000005
0.000005
0.000005
0.000004
0.000004
0.000005
0.000005
0.000006
0.000006
0.000006
0.000005
0.000005
0.000005
0.000004
0.000003
0.000003
0.000002
0.000002
0.000001
0.000001
0.000001
0.000001
0.000001
0.000001
0.000000
0.000000
0.000000
0.000000
0.000000
0.000000
0.000000
0.000000
0.000000
0.000000
0.000000
0.000000
0.000000
0.000000
0.000000
0.000000
0.000000
0.000000
0.000000
0.000000
0.000000
0.000000
0.000000
0.000000
0.000000
0.000000
0.000000
0.000000
0.000000
0.000000
0.000000
0.000000
0.000000
0.000000
0.000000
0.000000
0.000000
0.000000
0.000000
0.000000
0.000000
0.000000
0.000000
0.000000
0.000000
0.000000
0.000000
0.000000
0.000000
0.000000
0.000000
0.000000
0.000000
0.000000
0.000000
0.000000
0.000000
0.000000
0.000000
0.000000
0.000000
0.000000
0.000000
0.000000
0.000000
