0.108807
10000000000.000000
0.131708
0.024750
0.391495
0.040682
0.343915
0.084000
0.210888
0.120521
0.681950
0.277541
0.448349
0.064969
0.165602
0.057108
0.221357
0.187419
0.388027
0.269710
0.241285
0.118497
0.508313
0.163263
0.077374
0.873568
0.057462
0.978943
0.138323
5.616471
1.861115
0.802252
1.541954
1.113677
62.326206
2.244391
1.125161
1.063529
0.552009
0.344238
0.690327
0.375938
1.660195
14.800263
0.299534
0.280191
0.276451
0.238534
0.951989
1.025185
5.376926
0.588001
8.818263
0.507824
23.332096
1.795300
1.438557
9.835716
0.790689
2.327608
1.637950
4.467176
26.300678
8.079444
306.429749
3.817664
895.894653
4.553401
9.284800
44.666145
2.968659
6.488751
3.056179
9.298100
8.595779
84.207115
31.526527
53.251389
20.453449
32.775394
12.726008
16.210205
37.300880
13.128046
32.517658
10.912436
31.970137
16.017956
23.031286
147.754181
23.458677
1142.239136
44.950439
48.230545
60.819702
37.972221
22.786982
114.522636
22.270199
33.464668
25.990841
487.035156
81.741432
18.695210
428.973114
18.902052
91.465881
44.050968
44.012531
33.117275
83.762436
20.571873
340.459808
229.006195
193.800735
188.799927
100.999466
31.658478
48.476204
40.235909
60.673382
22.847620
12.052348
38.424744
13.360606
26.956656
13.509315
19.234411
7.083974
14.040543
8.055106
14.179366
37.616833
317.290588
42.439487
32.393955
100.819626
191.843979
17.671421
20.293314
17.942434
12.957747
29.324326
14.408576
810.848145
44.141926
117.662224
18.159727
15.100991
11.809454
20.324678
22.093958
139.151901
95.318687
19.493210
47.470856
13.913279
81.545715
3695.245850
35.586647
5.847020
25.829466
4.145157
17.135870
9.430044
16.880144
1337.734131
34.467075
147.095947
130.515137
27.163061
554.419006
125.953629
16.022591
10.911545
10.084984
14.496490
24.900866
54.744415
49.069016
13.542958
16.356735
7.508195
12.062466
14.622878
30.867216
57.608498
22.306677
49.637875
19.673134
44.328697
19.266195
33.938629
10.072662
19.003426
10.743684
12.301012
118.108665
30.207703
204.746384
43.315102
23.379137
38.958397
65.000755
172.072479
36.513004
26.814535
10.556332
17.854519
18.807711
758.299011
265.406464
31.074701
28.673635
50.470760
19.215708
16.010939
19.423786
19.243364
28.801163
80.988724
455.246216
282.722107
118.602745
571.103760
29.701422
50.119343
16.479309
29.945946
34.993401
33.334908
67.124062
31.790150
49.211792
63.678986
39.938877
39.580257
17.988739
21.573441
78.523567
35.144291
26.870075
56.848499
48.390396
47.639427
39.274513
69.649796
71.744865
27.590336
54.332859
95.832558
112.263344
20.528841
155.405930
46.331902
57.938389
23.754297
27.555502
16.255222
28.327541
56.159466
39.988930
53.087017
164.708466
17.379873
48.683304
30.583986
197.239700
16.885180
31.073357
9.217834
474.727020
36.862652
165.038528
15.721596
21.245316
18.033947
17.808823
138.400742
20.023605
20.573330
473.034912
16.773726
43.765221
16.340746
45.852825
25.049009
49.359634
47.400558
308.533569
51.583790
58.467346
84.777611
26.636990
512.032043
40.771194
338.502289
52.329037
55.749561
30.749878
170.574219
67.962303
30.340284
62.866932
31.630249
15.610379
13.192492
12.496337
21.833323
16.617323
38.469700
19.826183
61.360622
140.177490
92.901794
16.679642
21.586409
11.623265
9.375973
11.956815
13.419905
20.609571
486.444611
158.763855
66.998276
58.826950
59.531178
57.224979
253.661545
281.467682
126.986168
1071.438477
39.481400
391.930908
49.462982
143.417267
40.096706
40.591175
22.689581
42.445934
43.686729
81.873878
79.351631
25.772993
88.905983
46.804588
45.446114
27.801441
85.869987
29.239614
39.637165
31.643381
35.111156
52.774715
111.990746
709.091919
464.624664
562.602295
58.608513
178.704498
51.348808
37.415520
98.467377
97.941887
105.948425
34.283878
60.903416
19.475607
30.576338
6.466346
246.506775
4.639360
37.140457
15.952251
83.009567
18.427385
208.263718
39.509579
54.484249
145.445541
49.035694
117.837585
133.876144
29.320072
28.137951
18.348169
8.676783
6.083390
10.411708
5.660173
118.285240
46.323135
69.486977
44.525082
144.637222
26.645267
96.056343
194.501694
23.613491
11.189320
15.947449
15.711103
55.358360
748.758789
186.429199
245.951492
300.495148
278.341614
49.282478
107.793518
19.923721
101.823631
35.693329
24.346537
121.256500
27.537807
193.989029
27.129995
71.371483
20.553123
23.937687
57.611740
23.011463
42.703674
102.500336
28.200352
13.718852
11.678228
10.724973
8.609603
71.492264
17.432747
85.875511
75.905090
143.614853
144.943542
162.631561
144.966507
157.635056
175.794983
198.024780
239.726852
1044.954346
168.802917
90.316635
442.047668
1330.187866
79.192680
72.773506
502.477295
129.708664
56.392628
162.155869
131.729355
88.140770
44.387421
139.049088
116.836388
49.445412
53.351154
12.964968
10.690920
6.304444
2.922359
7.328486
3.153629
28.501495
11.532649
48.846600
35.437798
39.191288
88.628601
99.484947
63.000137
159.638107
99.409355
38.531422
33.113174
26.448507
33.683952
62.878204
58.255531
102.705467
79.051781
143.783936
135.970734
134.601822
217.726562
27.703110
213.948685
7.358265
284.604218
6.893611
109.154762
19.293533
644.599121
96.015030
32.110889
30.961281
20.993317
20.187571
52.917740
38.544746
2280.820801
699.531189
179.937485
246.789627
150.324554
148.211975
504.828308
813.872437
124.239037
119.104485
1668.065674
813.872437
124.239037
148.211975
504.828308
246.789627
150.324554
699.531189
179.937485
38.544746
2280.820801
20.187571
52.917740
30.961281
20.993317
96.015030
32.110889
19.293533
644.599121
6.893611
109.154762
7.358265
284.604218
27.703110
213.948685
134.601822
217.726562
143.783936
135.970734
102.705467
79.051781
62.878204
58.255531
26.448507
33.683952
38.531422
33.113174
159.638107
99.409355
99.484947
63.000137
39.191288
88.628601
48.846600
35.437798
28.501495
11.532649
7.328486
3.153629
6.304444
2.922359
12.964968
10.690920
49.445412
53.351154
139.049088
116.836388
88.140770
44.387421
162.155869
131.729355
129.708664
56.392628
72.773506
502.477295
1330.187866
79.192680
90.316635
442.047668
1044.954346
168.802917
198.024780
239.726852
157.635056
175.794983
162.631561
144.966507
143.614853
144.943542
85.875511
75.905090
71.492264
17.432747
10.724973
8.609603
13.718852
11.678228
102.500336
28.200352
23.011463
42.703674
23.937687
57.611740
71.371483
20.553123
193.989029
27.129995
121.256500
27.537807
35.693329
24.346537
19.923721
101.823631
49.282478
107.793518
300.495148
278.341614
186.429199
245.951492
55.358360
748.758789
15.947449
15.711103
23.613491
11.189320
96.056343
194.501694
144.637222
26.645267
69.486977
44.525082
118.285240
46.323135
10.411708
5.660173
8.676783
6.083390
28.137951
18.348169
133.876144
29.320072
49.035694
117.837585
54.484249
145.445541
208.263718
39.509579
83.009567
18.427385
37.140457
15.952251
246.506775
4.639360
30.576338
6.466346
60.903416
19.475607
105.948425
34.283878
98.467377
97.941887
51.348808
37.415520
58.608513
178.704498
464.624664
562.602295
111.990746
709.091919
35.111156
52.774715
39.637165
31.643381
85.869987
29.239614
45.446114
27.801441
88.905983
46.804588
79.351631
25.772993
43.686729
81.873878
22.689581
42.445934
40.096706
40.591175
49.462982
143.417267
39.481400
391.930908
126.986168
1071.438477
253.661545
281.467682
59.531178
57.224979
66.998276
58.826950
486.444611
158.763855
13.419905
20.609571
9.375973
11.956815
21.586409
11.623265
92.901794
16.679642
61.360622
140.177490
38.469700
19.826183
21.833323
16.617323
13.192492
12.496337
31.630249
15.610379
30.340284
62.866932
170.574219
67.962303
55.749561
30.749878
338.502289
52.329037
512.032043
40.771194
84.777611
26.636990
51.583790
58.467346
47.400558
308.533569
25.049009
49.359634
16.340746
45.852825
16.773726
43.765221
20.573330
473.034912
138.400742
20.023605
18.033947
17.808823
15.721596
21.245316
36.862652
165.038528
9.217834
474.727020
16.885180
31.073357
30.583986
197.239700
17.379873
48.683304
53.087017
164.708466
56.159466
39.988930
16.255222
28.327541
23.754297
27.555502
46.331902
57.938389
20.528841
155.405930
95.832558
112.263344
27.590336
54.332859
69.649796
71.744865
47.639427
39.274513
56.848499
48.390396
35.144291
26.870075
21.573441
78.523567
39.580257
17.988739
63.678986
39.938877
31.790150
49.211792
33.334908
67.124062
29.945946
34.993401
50.119343
16.479309
571.103760
29.701422
282.722107
118.602745
80.988724
455.246216
19.243364
28.801163
16.010939
19.423786
50.470760
19.215708
31.074701
28.673635
758.299011
265.406464
17.854519
18.807711
26.814535
10.556332
172.072479
36.513004
38.958397
65.000755
43.315102
23.379137
30.207703
204.746384
12.301012
118.108665
19.003426
10.743684
33.938629
10.072662
44.328697
19.266195
49.637875
19.673134
57.608498
22.306677
14.622878
30.867216
7.508195
12.062466
13.542958
16.356735
54.744415
49.069016
14.496490
24.900866
10.911545
10.084984
125.953629
16.022591
27.163061
554.419006
147.095947
130.515137
1337.734131
34.467075
9.430044
16.880144
4.145157
17.135870
5.847020
25.829466
3695.245850
35.586647
13.913279
81.545715
19.493210
47.470856
139.151901
95.318687
20.324678
22.093958
15.100991
11.809454
117.662224
18.159727
810.848145
44.141926
29.324326
14.408576
17.942434
12.957747
17.671421
20.293314
100.819626
191.843979
42.439487
32.393955
37.616833
317.290588
8.055106
14.179366
7.083974
14.040543
13.509315
19.234411
13.360606
26.956656
12.052348
38.424744
60.673382
22.847620
48.476204
40.235909
100.999466
31.658478
193.800735
188.799927
340.459808
229.006195
83.762436
20.571873
44.012531
33.117275
91.465881
44.050968
428.973114
18.902052
81.741432
18.695210
25.990841
487.035156
22.270199
33.464668
22.786982
114.522636
60.819702
37.972221
44.950439
48.230545
23.458677
1142.239136
23.031286
147.754181
31.970137
16.017956
32.517658
10.912436
37.300880
13.128046
12.726008
16.210205
20.453449
32.775394
31.526527
53.251389
8.595779
84.207115
3.056179
9.298100
2.968659
6.488751
9.284800
44.666145
895.894653
4.553401
306.429749
3.817664
26.300678
8.079444
1.637950
4.467176
0.790689
2.327608
1.438557
9.835716
23.332096
1.795300
8.818263
0.507824
5.376926
0.588001
0.951989
1.025185
0.276451
0.238534
0.299534
0.280191
1.660195
14.800263
0.690327
0.375938
0.552009
0.344238
1.125161
1.063529
62.326206
2.244391
1.541954
1.113677
1.861115
0.802252
0.138323
5.616471
0.057462
0.978943
0.077374
0.873568
0.508313
0.163263
0.241285
0.118497
0.388027
0.269710
0.221357
0.187419
0.165602
0.057108
0.448349
0.064969
0.681950
0.277541
0.210888
0.120521
0.343915
0.084000
0.391495
0.040682
0.131708
0.024750
