4.216341
0.000000
3.756186
1.095899
1.844029
0.991902
0.207300
0.983918
0.035399
1.126084
0.874143
0.287538
1.864985
0.408600
1.496342
0.525940
0.695765
0.272761
0.381833
0.425988
0.454160
0.091557
1.610896
0.291747
1.146047
0.693134
0.077473
0.168906
0.042462
0.123094
0.083057
0.139066
0.070256
0.081551
0.089413
0.075237
0.071463
0.096356
0.071211
0.012936
0.024473
0.046468
0.028873
0.081288
0.082829
0.071097
0.014357
0.011456
0.061025
0.075455
0.005409
0.069780
0.040196
0.050936
0.017897
0.044302
0.009446
0.035119
0.023622
0.019645
0.027909
0.054284
0.028884
0.051423
0.043837
0.148345
0.025353
0.144273
0.008619
0.013339
0.028749
0.049487
0.048312
0.136101
0.127660
0.226595
0.330980
0.169716
0.285287
0.063128
0.002453
0.060332
0.076588
0.016020
0.033610
0.026836
0.002111
0.030694
0.027096
0.053172
0.027672
0.040278
0.063803
0.000334
0.043764
0.029763
0.021465
0.038552
0.065806
0.130001
0.025683
0.147759
0.012821
0.109159
0.020521
0.028388
0.009266
0.027926
0.017626
0.008154
0.015462
0.024639
0.004099
0.058149
0.018499
0.029448
0.034248
0.000858
0.017711
0.013195
0.042512
0.012662
0.007588
0.005680
0.032598
0.033644
0.037477
0.057801
0.002604
0.030263
0.003068
0.023716
0.039811
0.031530
0.097780
0.010039
0.101985
0.011464
0.031767
0.014529
0.020583
0.006639
0.017357
0.011182
0.009262
0.015158
0.000684
0.035040
0.026660
0.019987
0.031169
0.008319
0.030415
0.001663
0.040595
0.007379
0.041396
0.002456
0.043345
0.015067
0.034911
0.020330
0.008976
0.003800
0.007659
0.048665
0.015271
0.060553
0.024200
0.034841
0.032386
0.009522
0.009384
0.009241
0.010526
0.017149
0.006554
0.002263
0.011204
0.006613
0.005695
0.014418
0.037022
0.015030
0.047741
0.002356
0.020095
0.002010
0.002528
0.000105
0.002913
0.002021
0.000230
0.011006
0.005813
0.007040
0.018190
0.005656
0.023672
0.006917
0.025615
0.012714
0.018896
0.019200
0.013283
0.046798
0.007434
0.022279
0.019283
0.008212
0.035177
0.002233
0.019763
0.009181
0.002595
0.008565
0.011076
0.015407
0.018774
0.002442
0.015245
0.008016
0.015062
0.011540
0.012748
0.010522
0.004184
0.008716
0.007326
0.004735
0.013726
0.004626
0.008373
0.005149
0.002750
0.012099
0.005211
0.035546
0.000625
0.048359
0.014780
0.029814
0.035614
0.008157
0.024910
0.000702
0.002100
0.009258
0.009542
0.005483
0.017993
0.000606
0.014612
0.001864
0.001045
0.003214
0.001174
0.009519
0.001280
0.016095
0.003853
0.015507
0.019518
0.016686
0.031286
0.014065
0.013529
0.014059
0.001877
0.042205
0.002120
0.033342
0.003266
0.010987
0.002800
0.004625
0.011162
0.005933
0.019958
0.003125
0.020110
0.002133
0.016546
0.007976
0.001206
0.000572
0.017820
0.011354
0.003131
0.005403
0.014722
0.003312
0.017329
0.005312
0.011290
0.001157
0.006124
0.001418
0.011626
0.003451
0.003000
0.020211
0.014593
0.020028
0.006574
0.003811
0.010675
0.001827
0.018748
0.009007
0.014020
0.019612
0.002272
0.008053
0.012244
0.006706
0.005327
0.000595
0.008254
0.004143
0.014918
0.006227
0.006287
0.009208
0.002054
0.001126
0.001904
0.000189
0.002017
0.001169
0.002952
0.003261
0.004026
0.007005
0.008043
0.006338
0.001634
0.022907
0.007512
0.028115
0.014963
0.011817
0.017332
0.005700
0.003893
0.001352
0.005373
0.009751
0.003621
0.012320
0.001002
0.010109
0.000238
0.008929
0.000932
0.009166
0.006215
0.007298
0.010750
0.006618
0.004301
0.004968
0.002845
0.000825
0.006532
0.001306
0.003548
0.005621
0.005263
0.000585
0.004901
0.004936
0.002627
0.005585
0.003407
0.010013
0.000678
0.007702
0.000325
0.004698
0.000872
0.001823
0.002379
0.005086
0.000187
0.000955
0.005124
0.000511
0.005612
0.008554
0.003676
0.004438
0.002371
0.004860
0.004361
0.003397
0.008316
0.004625
0.002248
0.011769
0.007882
0.006945
0.011532
0.001419
0.006482
0.001173
0.003499
0.008148
0.002258
0.009461
0.003112
0.001312
0.001234
0.002328
0.001128
0.003785
0.007562
0.003494
0.011738
0.003536
0.004355
0.005129
0.004387
0.007720
0.012351
0.003259
0.018563
0.002055
0.014733
0.002674
0.001924
0.006426
0.001732
0.005929
0.001418
0.001719
0.001460
0.005696
0.007714
0.008932
0.014773
0.002360
0.015596
0.001177
0.011966
0.002356
0.001632
0.009162
0.006448
0.006854
0.002821
0.000408
0.007803
0.002681
0.010374
0.009069
0.006752
0.014901
0.004210
0.009189
0.003334
0.001733
0.002600
0.003772
0.003902
0.000776
0.001612
0.001970
0.008596
0.007835
0.009229
0.008210
0.007390
0.002840
0.003629
0.005340
0.004118
0.003039
0.005909
0.005493
0.002608
0.002600
0.000102
0.001067
0.000782
0.000107
0.000572
0.000010
0.000910
0.000526
0.000647
0.000752
0.004485
0.000986
0.006844
0.006785
0.005394
0.006636
0.001980
0.000005
0.000584
0.000994
0.000026
0.001074
0.001401
0.000507
0.002095
0.000072
0.005239
0.006709
0.001819
0.009704
0.008056
0.001594
0.004071
0.006298
0.001612
0.010710
0.006135
0.013905
0.016142
0.011448
0.009311
0.004094
0.000837
0.003226
0.001067
0.012010
0.010174
0.017222
0.013239
0.008973
0.006000
0.002128
0.002710
0.003081
0.008079
0.003419
0.009134
0.004887
0.008815
0.000963
0.010582
0.007450
0.005998
0.008427
0.002895
0.004268
0.004851
0.001174
0.003323
0.008198
0.016228
0.024101
0.013797
0.025839
0.002196
0.020226
0.007470
0.007109
0.003947
0.001471
0.009773
0.004695
0.001312
0.000851
0.006502
0.002896
0.003544
0.003994
0.000016
0.000301
0.003814
0.001539
0.007912
0.004367
0.001635
0.004936
0.010650
0.010301
0.013378
0.013651
0.004201
0.010621
0.002961
0.004669
0.000972
0.000792
0.001216
0.000596
0.000170
0.000653
0.000901
0.001940
0.002765
0.004583
0.002817
0.003804
0.000935
0.001095
0.003471
0.000564
0.006355
0.000427
0.003949
0.003400
0.000217
0.009284
0.001039
0.005553
0.000716
0.000446
0.000611
0.000014
0.000132
0.000018
0.000451
0.000160
0.000296
0.000152
0.000043
0.000209
0.000060
0.000178
0.000009
0.000241
0.000030
0.000034
0.000069
0.000363
0.000276
0.000333
0.000275
0.000005
0.000314
0.000356
0.000496
0.000116
0.000517
0.000229
0.000273
0.000012
0.000085
0.000190
0.000273
0.000120
0.000372
0.000209
0.000425
0.000233
0.000375
0.000208
0.000233
0.000344
0.000099
0.000321
0.000247
0.000267
0.000233
0.000319
0.000092
0.000227
0.000004
0.000078
0.000272
0.000192
0.000226
0.000293
0.000289
0.000177
0.000311
0.000457
0.000084
0.000223
0.000137
0.000148
0.000190
0.000119
0.000243
0.000045
0.000162
0.000293
0.000159
0.000520
0.000162
0.000617
0.000078
0.000538
0.000152
0.000183
0.000297
0.000015
0.000184
0.000049
0.000047
0.000111
0.000029
0.000219
0.000146
0.000145
0.000028
0.000164
0.000172
0.000255
0.000077
0.000011
0.000369
0.000232
0.000657
0.000296
0.000482
0.000207
0.000334
0.000284
0.000292
0.000485
0.000215
0.000201
0.000097
0.000097
0.000099
0.000067
0.000062
0.000446
0.000052
0.000638
0.000177
0.000336
0.000423
0.000117
0.000356
0.000277
0.000042
0.000257
0.000253
0.000200
0.000140
0.000157
0.000177
0.000168
0.000273
0.000082
0.000331
0.000087
0.000275
0.000034
0.000123
0.000123
0.000013
0.000284
0.000045
0.000443
0.000163
0.000140
0.000040
0.000219
0.000336
0.000049
0.000312
0.000398
0.000298
0.000578
0.000232
0.000512
0.000118
0.000048
0.000213
0.000271
0.000143
0.000152
0.000065
0.000204
0.000212
0.000370
0.000234
0.000446
0.000216
0.000441
0.000314
0.000200
0.000012
0.000010
0.000498
0.000200
0.000451
0.000188
0.000069
0.000015
0.000342
0.000161
0.000320
0.000058
0.000177
0.000144
0.000063
0.000096
0.000026
0.000196
0.000180
0.000258
0.000488
0.000455
0.000212
0.000091
0.000036
0.000430
0.000331
0.000471
0.000605
0.000195
0.000670
0.000205
0.000544
0.000183
0.000134
0.000089
0.000204
0.000181
0.000029
0.000054
0.000166
0.000133
0.000061
0.000085
0.000174
0.000162
0.000073
0.000125
0.000166
0.000113
0.000311
0.000151
0.000011
0.000247
0.000181
0.000301
0.000055
0.000016
0.000135
0.000121
0.000006
0.000234
0.000256
0.000308
0.000069
0.000021
0.000229
0.000030
0.000076
0.000251
0.000003
0.000046
0.000217
0.000418
0.000033
0.000325
0.000151
0.000110
0.000161
0.000144
0.000328
0.000241
0.000416
0.000098
0.000093
0.000039
0.000281
0.000533
0.000184
0.000694
0.000093
0.000380
0.000347
0.000058
0.000377
0.000029
0.000035
0.000098
0.000472
0.000191
0.000579
0.000125
0.000494
0.000008
0.000317
0.000176
0.000062
0.000165
0.000286
0.000087
0.000168
0.000150
0.000115
0.000006
0.000155
0.000121
0.000154
0.000077
0.000532
0.000030
0.000416
0.000185
0.000217
0.000182
0.000244
0.000243
0.000066
0.000051
0.000180
0.000401
0.000125
0.000409
0.000168
0.000192
0.000262
0.000074
0.000207
0.000269
0.000160
0.000258
0.000147
0.000228
0.000011
0.000002
0.000201
0.000391
0.000044
0.000240
0.000305
0.000099
0.000075
0.000072
0.000069
0.000061
0.000078
0.000202
0.000285
0.000328
0.000341
0.000240
0.000211
0.000212
0.000024
0.000394
0.000261
0.000505
0.000341
0.000283
0.000124
0.000077
0.000020
0.000141
0.000040
0.000027
0.000025
0.000135
0.000157
0.000056
0.000203
0.000299
0.000145
0.000205
0.000040
0.000266
0.000193
0.000324
0.000172
0.000098
0.000054
0.000321
0.000115
0.000233
0.000136
0.000098
0.000069
0.000024
0.000117
0.000005
0.000161
0.000024
0.000418
0.000006
0.000284
0.000108
0.000004
0.000123
0.000046
0.000151
0.000060
0.000334
0.000011
0.000283
0.000078
0.000029
0.000042
0.000272
0.000281
0.000324
0.000255
0.000243
0.000266
0.000151
0.000466
0.000112
0.000285
0.000068
0.000161
0.000149
0.000397
0.000189
0.000248
0.000102
0.000039
0.000066
0.000125
0.000335
0.000192
0.000436
0.000251
0.000233
0.000136
0.000030
0.000187
0.000170
