1.000000
0.169162
0.169227
0.187041
0.218549
0.214956
0.204402
0.253287
0.321048
0.335267
0.478932
1.046564
1.647769
18.153404
0.873120
0.623948
0.545484
0.388055
0.292410
0.255876
0.227595
0.192337
0.161790
0.136013
0.114245
0.100212
0.091617
0.082456
0.074735
0.074147
0.080931
0.092496
0.092182
0.082246
0.075579
0.073276
0.070989
0.061250
0.019729
0.033101
0.063846
0.481481
0.155459
0.141812
0.108276
0.096636
0.102897
0.097555
0.087956
0.092821
0.104730
0.111182
0.119454
0.127887
0.127859
0.129181
0.133415
0.135261
0.139126
0.142457
0.138937
0.138962
0.144086
0.144125
0.143619
0.145214
0.142524
0.143208
0.151812
0.156559
0.151593
0.145905
0.140883
0.129093
0.117948
0.118294
0.127335
0.132257
0.125426
0.112560
0.108008
0.120209
0.131847
0.131485
0.132127
0.140587
0.155773
0.171392
0.165564
0.144529
0.149545
0.184415
0.168241
0.117618
0.066251
0.365770
0.506533
0.177233
0.145548
0.175358
0.173398
0.140933
0.131359
0.128589
0.118718
0.114930
0.113499
0.104680
0.091659
0.077669
0.068066
0.064533
0.062480
0.058277
0.056023
0.055447
0.054159
0.052442
0.048884
0.044051
0.043692
0.046553
0.045975
0.041807
0.040846
0.042702
0.044507
0.048317
0.053632
0.051132
0.041155
0.035296
0.034388
0.029231
0.020648
0.015454
0.013266
0.010125
0.009975
0.015031
0.019376
0.020421
0.023878
0.029814
0.034683
0.037975
0.042564
0.047856
0.051403
0.057412
0.064595
0.062882
0.051597
0.043756
0.041906
0.040857
0.041316
0.042797
0.042726
0.041011
0.039161
0.039634
0.044656
0.052555
0.060003
0.066927
0.072335
0.072703
0.074887
0.084786
0.095542
0.101802
0.109303
0.119054
0.123702
0.122632
0.125879
0.130772
0.130545
0.131762
0.137235
0.140322
0.142412
0.144670
0.143549
0.142106
0.142814
0.142493
0.142841
0.144741
0.141409
0.133864
0.130298
0.132251
0.135583
0.138241
0.139517
0.140395
0.143296
0.146205
0.146719
0.147170
0.145174
0.138255
0.134768
0.137907
0.135604
0.125129
0.111824
0.096099
0.082091
0.073672
0.064156
0.049908
0.034284
0.018606
0.003266
0.010017
0.021097
0.028555
0.035516
0.044055
0.051736
0.056556
0.062441
0.068439
0.075502
0.092142
0.118247
0.128018
0.123474
0.129041
0.140326
0.150727
0.166501
0.180131
0.184739
0.190928
0.198318
0.202291
0.199028
0.184242
0.168181
0.160049
0.148880
0.137633
0.137261
0.139266
0.131094
0.119155
0.108301
0.094175
0.079864
0.070271
0.064185
0.058550
0.051455
0.042042
0.033854
0.030391
0.027540
0.024677
0.025130
0.028282
0.028853
0.023884
0.016119
0.012207
0.014595
0.017215
0.011586
0.002675
0.002158
0.006614
0.015664
0.019819
0.017866
0.021899
0.032300
0.034905
0.031669
0.038034
0.049214
0.047831
0.042245
0.047026
0.047016
0.036489
0.033380
0.037831
0.030672
0.020687
0.019936
0.017041
0.001821
0.013839
0.017322
0.021425
0.035833
0.047688
0.047020
0.041767
0.038892
0.037903
0.037455
0.038322
0.038709
0.040488
0.046715
0.052823
0.054944
0.057985
0.062430
0.063237
0.065524
0.070135
0.071073
0.066804
0.062533
0.063111
0.065275
0.063413
0.057023
0.054056
0.054862
0.055179
0.051457
0.044982
0.038120
0.033565
0.032576
0.032288
0.028913
0.023838
0.017757
0.011356
0.005906
0.002054
0.001182
0.002097
0.002068
0.000921
0.001269
0.003622
0.006183
0.008517
0.011010
0.012178
0.011036
0.009679
0.008557
0.005275
0.001156
0.000277
0.001158
0.006286
0.011470
0.011506
0.011334
0.016349
0.021530
0.023415
0.030567
0.042899
0.050713
0.057142
0.070260
0.075376
0.066974
0.066022
0.077880
0.073636
0.051843
0.047151
0.060692
0.051582
0.006428
0.027804
0.009422
0.051856
0.066040
0.081435
0.120848
0.146481
0.225023
0.574781
0.350982
0.132141
0.064837
0.351875
0.490051
0.831386
5.774245
4.010592
1.598112
3.115302
1.224835
0.637812
0.688693
1.063273
1.091820
0.823570
0.760836
0.795201
0.823979
0.837499
0.801440
0.751000
0.670959
0.593925
0.569018
0.493857
0.375781
0.323268
0.308925
0.269498
0.237600
0.226324
0.204342
0.180282
0.170396
0.157758
0.133255
0.115409
0.109645
0.102855
0.094255
0.094530
0.100405
0.100178
0.096833
0.095118
0.093995
0.091323
0.088944
0.087113
0.082439
0.074986
0.069954
0.067701
0.060561
0.049821
0.044324
0.042826
0.040414
0.038112
0.039442
0.041327
0.039387
0.035856
0.033594
0.032313
0.032890
0.036254
0.038970
0.038480
0.038458
0.042358
0.046957
0.047659
0.044682
0.039966
0.033277
0.028652
0.030504
0.033243
0.027852
0.023245
0.029670
0.039222
0.042294
0.044691
0.051187
0.052170
0.045423
0.041290
0.039805
0.039741
0.044799
0.055353
0.063079
0.062960
0.060707
0.062307
0.069331
0.074772
0.075889
0.079682
0.084525
0.083737
0.082147
0.083365
0.084366
0.087095
0.090327
0.086145
0.079578
0.079682
0.084056
0.080083
0.071049
0.066465
0.063293
0.056562
0.053723
0.058522
0.061507
0.062839
0.071158
0.081397
0.086173
1.000000
