-0.002741
0.004935
-0.000821
0.000051
-0.002225
0.000038
-0.000103
0.000324
-0.000022
-0.000227
0.001606
0.000102
-0.007024
0.000300
-0.001164
-0.000010
0.000065
-0.000001
-0.000086
0.000135
-0.000103
-0.000004
0.001777
-0.000112
0.000061
0.000073
-0.000000
0.000005
-0.000003
0.000568
-0.000061
0.000003
-0.000000
-0.000000
-0.000390
0.000037
-0.000017
0.000008
-0.000001
0.000000
-0.000001
0.000000
0.000001
-0.000024
0.000001
-0.000001
0.000000
0.000000
-0.000002
0.000002
-0.000001
0.000000
0.000001
-0.000000
0.000006
-0.000001
-0.000000
0.000001
0.000000
-0.000001
-0.000000
0.000013
-0.000037
0.000020
-0.001233
0.000046
-0.000393
-0.000010
-0.000001
0.000022
-0.000003
0.000007
0.000000
0.000007
-0.000047
0.000610
0.000049
-0.000302
0.000273
-0.000000
-0.000003
0.000153
-0.000197
0.000000
-0.000005
0.000007
0.000000
-0.000029
0.000028
-0.000093
0.000031
-0.004052
0.000128
-0.000000
0.000035
-0.000017
0.000009
-0.000151
0.000077
-0.000094
-0.000010
0.001203
-0.000004
-0.000049
0.000321
0.000000
-0.000018
-0.000016
0.000031
-0.000009
0.000010
0.000001
0.000002
0.000173
-0.000078
0.000108
-0.000071
0.000000
-0.000014
0.000016
-0.000048
0.000003
-0.000001
-0.000002
0.000010
0.000006
-0.000016
0.000016
0.000001
-0.000017
0.000000
-0.000004
0.000056
-0.000213
-0.000160
0.000023
-0.000181
-0.000091
0.000020
0.000001
-0.000012
0.000003
-0.000020
0.000004
-0.000104
0.000008
-0.000001
-0.000001
-0.000001
0.000003
0.000002
-0.000004
0.000031
0.000002
-0.000011
0.000006
-0.000006
-0.000001
0.007323
-0.000037
0.000010
-0.000001
-0.000000
0.000001
-0.000000
-0.000004
0.000337
-0.000027
-0.000057
0.000127
-0.000012
0.000032
0.000001
-0.000002
0.000001
0.000003
-0.000002
0.000000
-0.000001
0.000004
-0.000001
-0.000002
0.000002
-0.000002
0.000015
0.000000
-0.000020
0.000000
0.000000
-0.000000
0.000001
0.000000
-0.000000
0.000000
0.000000
0.000000
-0.000001
-0.000003
0.000005
0.000039
-0.000045
0.000003
0.000003
-0.000003
-0.000030
0.000056
-0.000004
-0.000001
0.000001
-0.000001
0.000750
-0.000017
0.000004
0.000012
-0.000008
0.000001
0.000001
0.000001
-0.000000
0.000000
-0.000000
-0.000002
-0.000002
0.000001
0.000013
0.000001
-0.000001
-0.000001
0.000001
0.000000
-0.000000
0.000000
0.000000
-0.000001
0.000000
-0.000000
0.000001
-0.000002
0.000000
-0.000088
0.000005
0.000000
-0.000006
0.000000
-0.000028
0.000002
-0.000014
0.000022
-0.000002
0.000006
-0.000056
0.000001
-0.000000
0.000001
-0.000000
-0.000000
-0.000000
0.000000
0.000000
0.000001
-0.000000
-0.000000
-0.000000
0.000000
-0.000000
0.000000
-0.000000
0.000003
0.000000
-0.000006
0.000000
0.000100
-0.000000
-0.000015
0.000000
-0.000000
-0.000001
0.000002
-0.000036
-0.000001
0.000037
-0.000104
0.000014
-0.000005
-0.000000
0.000000
-0.000000
0.000002
-0.000001
0.000000
0.000005
-0.000000
-0.000005
-0.000001
0.000022
0.000000
-0.000004
-0.000000
0.000000
-0.000000
0.000000
-0.000000
-0.000000
0.000000
-0.000000
0.000000
0.000000
-0.000000
0.000000
-0.000000
0.000000
0.000000
-0.000000
0.000001
-0.000001
0.000000
0.000001
0.000000
-0.000005
0.000004
-0.000004
-0.000001
0.000030
-0.000011
0.000000
-0.000000
-0.000000
0.000000
-0.000000
0.000000
-0.000000
-0.000001
0.000000
-0.000000
-0.000000
0.000001
-0.000000
0.000001
-0.000000
0.000005
-0.000005
0.000007
0.000009
-0.000940
0.000007
-0.000000
-0.000000
0.000000
-0.000000
0.000000
-0.000000
0.000000
0.000000
-0.000000
0.000000
-0.000006
0.000000
0.000010
-0.000017
0.000058
-0.000004
-0.000001
-0.000000
0.000000
0.000000
0.000000
-0.000000
-0.000000
0.000000
0.000000
-0.000000
0.000000
-0.000000
0.000000
-0.000000
-0.000000
0.000000
-0.000000
0.000000
-0.000000
0.000000
0.000000
-0.000001
0.000000
-0.000000
0.000000
-0.000000
0.000000
-0.000003
0.000000
-0.000000
0.000000
0.000000
-0.000000
0.000000
-0.000000
0.000000
-0.000000
0.000000
-0.000000
-0.000000
0.000000
0.000000
0.000000
-0.000000
-0.000000
0.000000
-0.000001
0.000000
-0.000000
0.000000
0.000000
0.000000
-0.000000
0.000000
-0.000000
0.000000
-0.000000
0.000000
-0.000000
-0.000000
0.000000
-0.000000
0.000000
-0.000000
0.000000
-0.000000
0.000000
0.000000
0.000000
-0.000000
-0.000000
-0.000000
0.000000
-0.000000
0.000000
-0.000000
0.000000
0.000000
-0.000005
0.000046
0.000000
-0.000001
0.000000
0.000000
-0.000000
-0.000000
0.000001
0.000000
-0.000001
0.000000
0.000000
-0.000000
0.000000
-0.000000
-0.000000
0.000000
-0.000001
0.000001
0.000001
-0.000001
-0.000005
0.000000
-0.000000
0.000000
-0.000000
0.000000
-0.000000
0.000000
-0.000000
0.000001
0.000000
-0.000000
0.000000
-0.000000
0.000000
-0.000000
-0.000000
0.000000
0.000000
-0.000000
0.000000
-0.000000
-0.000000
0.000000
-0.000000
0.000000
-0.000000
-0.000000
-0.000000
0.000000
0.000000
-0.000000
-0.000000
0.000000
-0.000001
-0.000000
-0.000000
0.000000
-0.000000
0.000000
-0.000000
-0.000000
0.000000
0.000000
-0.000000
0.000000
0.000000
-0.000001
0.000001
0.000000
0.000000
0.000000
0.000000
0.000000
0.000000
0.000000
0.000000
0.000000
0.000000
0.000000
0.000000
0.000000
0.000000
0.000000
0.000000
0.000000
0.000000
0.000000
0.000000
0.000000
0.000000
0.000000
0.000000
0.000000
0.000000
0.000000
0.000000
0.000000
0.000000
0.000000
0.000000
0.000000
0.000000
0.000000
0.000000
0.000000
0.000000
0.000000
0.000000
0.000000
0.000000
0.000000
0.000000
0.000000
0.000000
0.000000
0.000000
0.000000
0.000000
0.000000
0.000000
0.000000
0.000000
0.000000
0.000000
0.000000
0.000000
0.000000
0.000000
0.000000
0.000000
0.000000
0.000000
0.000000
0.000000
0.000000
0.000000
0.000000
0.000000
0.000000
0.000000
0.000000
0.000000
0.000000
0.000000
0.000000
0.000000
0.000000
0.000000
0.000000
0.000000
0.000000
0.000000
0.000000
0.000000
0.000000
0.000000
0.000000
0.000000
0.000000
0.000000
0.000000
0.000000
0.000000
0.000000
0.000000
0.000000
0.000000
0.000000
0.000000
0.000000
0.000000
0.000000
0.000000
0.000000
0.000000
0.000000
0.000000
0.000000
0.000000
0.000000
0.000000
0.000000
0.000000
0.000000
0.000000
0.000000
0.000000
0.000000
0.000000
0.000000
0.000000
0.000000
0.000000
0.000000
0.000000
0.000000
0.000000
0.000000
0.000000
0.000000
0.000000
0.000000
0.000000
0.000000
0.000000
0.000000
0.000000
0.000000
0.000000
0.000000
0.000000
0.000000
0.000000
0.000000
0.000000
0.000000
0.000000
0.000000
0.000000
0.000000
0.000000
0.000000
0.000000
0.000000
0.000000
0.000000
0.000000
0.000000
0.000000
0.000000
0.000000
0.000000
0.000000
0.000000
0.000000
0.000000
0.000000
0.000000
0.000000
0.000000
0.000000
0.000000
0.000000
0.000000
0.000000
0.000000
0.000000
0.000000
0.000000
0.000000
0.000000
0.000000
0.000000
0.000000
0.000000
0.000000
0.000000
0.000000
0.000000
0.000000
0.000000
0.000000
0.000000
0.000000
0.000000
0.000000
0.000000
0.000000
0.000000
0.000000
0.000000
0.000000
0.000000
0.000000
0.000000
0.000000
0.000000
0.000000
0.000000
0.000000
0.000000
0.000000
0.000000
0.000000
0.000000
0.000000
0.000000
0.000000
0.000000
0.000000
0.000000
0.000000
0.000000
0.000000
0.000000
0.000000
0.000000
0.000000
0.000000
0.000000
0.000000
0.000000
0.000000
0.000000
0.000000
0.000000
0.000000
0.000000
0.000000
0.000000
0.000000
0.000000
0.000000
0.000000
0.000000
0.000000
0.000000
0.000000
0.000000
0.000000
0.000000
0.000000
0.000000
0.000000
0.000000
0.000000
0.000000
0.000000
0.000000
0.000000
0.000000
0.000000
0.000000
0.000000
0.000000
0.000000
0.000000
0.000000
0.000000
0.000000
0.000000
0.000000
0.000000
0.000000
0.000000
0.000000
0.000000
0.000000
0.000000
0.000000
0.000000
0.000000
0.000000
0.000000
0.000000
0.000000
0.000000
0.000000
0.000000
0.000000
0.000000
0.000000
0.000000
0.000000
0.000000
0.000000
0.000000
0.000000
0.000000
0.000000
0.000000
0.000000
0.000000
0.000000
0.000000
0.000000
0.000000
0.000000
0.000000
0.000000
0.000000
0.000000
0.000000
0.000000
0.000000
0.000000
0.000000
0.000000
0.000000
0.000000
0.000000
0.000000
0.000000
0.000000
0.000000
0.000000
0.000000
0.000000
0.000000
0.000000
0.000000
0.000000
0.000000
0.000000
0.000000
0.000000
0.000000
0.000000
0.000000
0.000000
0.000000
0.000000
0.000000
0.000000
0.000000
0.000000
0.000000
0.000000
0.000000
0.000000
0.000000
0.000000
0.000000
0.000000
0.000000
0.000000
0.000000
0.000000
0.000000
0.000000
0.000000
0.000000
0.000000
0.000000
0.000000
0.000000
0.000000
0.000000
0.000000
0.000000
0.000000
0.000000
0.000000
0.000000
0.000000
0.000000
0.000000
0.000000
0.000000
0.000000
0.000000
0.000000
0.000000
0.000000
0.000000
0.000000
0.000000
0.000000
0.000000
0.000000
0.000000
0.000000
0.000000
0.000000
0.000000
0.000000
0.000000
0.000000
0.000000
0.000000
0.000000
0.000000
0.000000
0.000000
0.000000
0.000000
0.000000
0.000000
0.000000
0.000000
0.000000
0.000000
0.000000
0.000000
0.000000
0.000000
0.000000
0.000000
0.000000
0.000000
0.000000
0.000000
0.000000
0.000000
0.000000
0.000000
0.000000
0.000000
0.000000
0.000000
0.000000
0.000000
0.000000
0.000000
0.000000
0.000000
0.000000
0.000000
0.000000
0.000000
0.000000
0.000000
0.000000
0.000000
0.000000
0.000000
0.000000
0.000000
0.000000
0.000000
0.000000
0.000000
0.000000
0.000000
0.000000
0.000000
0.000000
0.000000
0.000000
0.000000
0.000000
0.000000
0.000000
0.000000
0.000000
0.000000
0.000000
0.000000
0.000000
0.000000
0.000000
0.000000
0.000000
0.000000
0.000000
0.000000
0.000000
0.000000
0.000000
0.000000
0.000000
0.000000
0.000000
0.000000
0.000000
0.000000
0.000000
0.000000
0.000000
0.000000
0.000000
0.000000
0.000000
0.000000
0.000000
0.000000
0.000000
0.000000
0.000000
0.000000
0.000000
0.000000
0.000000
0.000000
0.000000
0.000000
0.000000
0.000000
0.000000
0.000000
0.000000
0.000000
