0.000000
0.026263
-0.007904
0.000210
-0.003894
0.000095
-0.000713
0.000941
-0.000026
-0.000327
0.003270
-0.000318
0.000622
0.000018
0.000029
-0.000024
0.000090
-0.000015
-0.000091
0.000217
-0.000189
-0.000000
0.001900
-0.000130
0.000056
0.000669
-0.000006
0.000060
-0.000000
0.000193
-0.000022
0.000009
-0.000018
0.000013
0.000081
-0.000017
0.000006
-0.000001
-0.000000
0.000000
-0.000001
0.000001
-0.000003
0.000049
-0.000000
-0.000000
0.000000
-0.000000
-0.000000
0.000002
-0.000000
-0.000001
0.000012
-0.000000
-0.000008
0.000003
0.000000
0.000001
-0.000000
0.000001
-0.000001
0.000004
0.000018
-0.000014
0.000622
-0.000026
0.000046
0.000013
-0.000000
-0.000019
0.000004
-0.000014
0.000002
0.000045
-0.000060
0.000561
0.000071
-0.000124
-0.000047
0.000038
-0.000001
0.000037
-0.000110
0.000004
-0.000005
0.000000
0.000003
-0.000032
0.000016
-0.000104
0.000026
-0.002522
0.000060
0.000000
-0.000088
0.000038
-0.000032
0.000267
-0.000008
-0.000014
-0.000019
0.000721
-0.000019
0.000126
-0.000305
0.000001
-0.000019
0.000042
-0.000026
0.000006
-0.000002
-0.000003
0.000031
-0.000525
0.000067
0.000054
-0.000046
-0.000000
0.000031
-0.000004
-0.000062
0.000004
0.000002
-0.000002
-0.000005
0.000005
0.000002
0.000012
-0.000000
0.000010
-0.000000
0.000001
-0.000020
0.000033
0.000087
-0.000000
0.000040
-0.000067
0.000020
-0.000010
-0.000001
0.000001
0.000007
-0.000002
-0.000016
0.000007
-0.000002
0.000010
-0.000005
0.000005
-0.000006
0.000002
-0.000120
0.000006
-0.000031
0.000011
-0.000003
-0.000008
0.013600
-0.000029
0.000006
-0.000002
0.000000
-0.000001
0.000000
-0.000000
0.000028
0.000009
-0.000057
0.000066
-0.000005
0.000000
0.000013
-0.000003
0.000003
-0.000004
0.000001
-0.000000
0.000001
0.000001
-0.000001
0.000002
0.000005
-0.000006
0.000070
-0.000010
0.000047
0.000002
-0.000002
-0.000000
-0.000000
0.000001
-0.000000
0.000003
-0.000000
-0.000000
-0.000001
0.000016
0.000002
-0.000082
0.000046
-0.000000
-0.000002
-0.000003
0.000014
0.000011
-0.000005
0.000006
-0.000008
0.000005
-0.000312
-0.000009
0.000014
-0.000015
0.000010
-0.000006
0.000001
-0.000001
0.000000
0.000000
-0.000001
-0.000001
0.000003
0.000001
0.000007
-0.000001
-0.000001
0.000001
0.000001
-0.000000
0.000000
0.000003
-0.000007
0.000006
-0.000001
0.000001
0.000000
-0.000004
0.000000
-0.000055
0.000005
-0.000002
-0.000003
0.000001
0.000001
0.000000
-0.000001
0.000001
0.000005
-0.000009
0.000021
0.000000
0.000001
-0.000001
-0.000000
-0.000000
0.000000
0.000001
0.000000
-0.000001
-0.000000
0.000000
0.000000
-0.000001
0.000000
-0.000000
0.000000
0.000002
-0.000000
0.000003
0.000000
-0.000126
0.000000
0.000023
-0.000001
-0.000000
0.000002
0.000001
-0.000045
0.000003
-0.000085
0.000225
-0.000017
-0.000004
0.000000
0.000000
-0.000001
-0.000006
-0.000000
0.000014
-0.000001
-0.000001
-0.000004
0.000001
0.000025
-0.000000
-0.000005
0.000000
0.000000
-0.000000
0.000000
-0.000000
0.000000
0.000000
-0.000000
-0.000000
0.000000
-0.000000
-0.000000
-0.000000
0.000000
-0.000000
0.000000
-0.000000
-0.000002
0.000000
-0.000002
-0.000000
0.000009
-0.000005
0.000003
0.000001
-0.000015
0.000003
0.000000
-0.000000
0.000000
0.000000
-0.000000
0.000000
-0.000000
-0.000001
0.000000
-0.000003
0.000000
-0.000001
0.000000
-0.000000
-0.000000
0.000010
0.000006
-0.000031
0.000010
0.000681
0.000003
-0.000000
0.000000
-0.000000
0.000000
-0.000000
0.000000
-0.000000
0.000000
-0.000000
0.000000
0.000001
0.000003
0.000023
0.000003
-0.000044
0.000007
-0.000001
-0.000000
0.000000
-0.000000
0.000000
-0.000000
0.000000
-0.000000
0.000000
-0.000000
0.000000
-0.000000
-0.000000
0.000000
-0.000000
-0.000000
-0.000000
0.000000
-0.000000
-0.000000
0.000000
0.000000
0.000000
-0.000000
0.000000
0.000000
-0.000000
0.000001
0.000000
-0.000000
0.000000
0.000000
-0.000000
-0.000000
0.000000
-0.000000
-0.000000
0.000000
0.000000
-0.000000
-0.000000
-0.000000
0.000000
-0.000000
-0.000000
0.000000
0.000000
-0.000000
-0.000000
0.000000
-0.000000
0.000000
-0.000000
0.000000
-0.000000
0.000000
-0.000000
0.000000
-0.000000
-0.000000
0.000000
-0.000000
-0.000000
0.000000
-0.000000
-0.000000
0.000000
-0.000000
0.000000
0.000000
-0.000000
-0.000000
0.000000
-0.000000
-0.000000
0.000000
-0.000000
0.000000
-0.000002
0.000008
-0.000000
0.000001
-0.000000
0.000001
-0.000000
0.000000
-0.000001
0.000000
-0.000001
0.000000
-0.000000
-0.000000
-0.000000
0.000000
0.000000
0.000000
-0.000001
0.000000
0.000000
-0.000001
0.000003
-0.000000
0.000000
-0.000000
0.000000
-0.000000
0.000000
0.000000
0.000000
-0.000002
-0.000000
-0.000000
0.000001
-0.000000
0.000000
0.000000
-0.000000
0.000000
-0.000000
0.000000
-0.000000
0.000000
0.000000
-0.000000
0.000000
-0.000000
-0.000000
0.000000
-0.000000
0.000000
-0.000000
0.000000
0.000000
-0.000000
0.000000
0.000000
0.000000
-0.000000
0.000000
-0.000000
-0.000000
0.000000
-0.000002
0.000000
0.000000
-0.000000
-0.000000
0.000000
-0.000001
0.000000
0.000001
0.000000
0.000000
0.000000
0.000000
0.000000
0.000000
0.000000
0.000000
0.000000
0.000000
0.000000
0.000000
0.000000
0.000000
0.000000
0.000000
0.000000
0.000000
0.000000
0.000000
0.000000
0.000000
0.000000
0.000000
0.000000
0.000000
0.000000
0.000000
0.000000
0.000000
0.000000
0.000000
0.000000
0.000000
0.000000
0.000000
0.000000
0.000000
0.000000
0.000000
0.000000
0.000000
0.000000
0.000000
0.000000
0.000000
0.000000
0.000000
0.000000
0.000000
0.000000
0.000000
0.000000
0.000000
0.000000
0.000000
0.000000
0.000000
0.000000
0.000000
0.000000
0.000000
0.000000
0.000000
0.000000
0.000000
0.000000
0.000000
0.000000
0.000000
0.000000
0.000000
0.000000
0.000000
0.000000
0.000000
0.000000
0.000000
0.000000
0.000000
0.000000
0.000000
0.000000
0.000000
0.000000
0.000000
0.000000
0.000000
0.000000
0.000000
0.000000
0.000000
0.000000
0.000000
0.000000
0.000000
0.000000
0.000000
0.000000
0.000000
0.000000
0.000000
0.000000
0.000000
0.000000
0.000000
0.000000
0.000000
0.000000
0.000000
0.000000
0.000000
0.000000
0.000000
0.000000
0.000000
0.000000
0.000000
0.000000
0.000000
0.000000
0.000000
0.000000
0.000000
0.000000
0.000000
0.000000
0.000000
0.000000
0.000000
0.000000
0.000000
0.000000
0.000000
0.000000
0.000000
0.000000
0.000000
0.000000
0.000000
0.000000
0.000000
0.000000
0.000000
0.000000
0.000000
0.000000
0.000000
0.000000
0.000000
0.000000
0.000000
0.000000
0.000000
0.000000
0.000000
0.000000
0.000000
0.000000
0.000000
0.000000
0.000000
0.000000
0.000000
0.000000
0.000000
0.000000
0.000000
0.000000
0.000000
0.000000
0.000000
0.000000
0.000000
0.000000
0.000000
0.000000
0.000000
0.000000
0.000000
0.000000
0.000000
0.000000
0.000000
0.000000
0.000000
0.000000
0.000000
0.000000
0.000000
0.000000
0.000000
0.000000
0.000000
0.000000
0.000000
0.000000
0.000000
0.000000
0.000000
0.000000
0.000000
0.000000
0.000000
0.000000
0.000000
0.000000
0.000000
0.000000
0.000000
0.000000
0.000000
0.000000
0.000000
0.000000
0.000000
0.000000
0.000000
0.000000
0.000000
0.000000
0.000000
0.000000
0.000000
0.000000
0.000000
0.000000
0.000000
0.000000
0.000000
0.000000
0.000000
0.000000
0.000000
0.000000
0.000000
0.000000
0.000000
0.000000
0.000000
0.000000
0.000000
0.000000
0.000000
0.000000
0.000000
0.000000
0.000000
0.000000
0.000000
0.000000
0.000000
0.000000
0.000000
0.000000
0.000000
0.000000
0.000000
0.000000
0.000000
0.000000
0.000000
0.000000
0.000000
0.000000
0.000000
0.000000
0.000000
0.000000
0.000000
0.000000
0.000000
0.000000
0.000000
0.000000
0.000000
0.000000
0.000000
0.000000
0.000000
0.000000
0.000000
0.000000
0.000000
0.000000
0.000000
0.000000
0.000000
0.000000
0.000000
0.000000
0.000000
0.000000
0.000000
0.000000
0.000000
0.000000
0.000000
0.000000
0.000000
0.000000
0.000000
0.000000
0.000000
0.000000
0.000000
0.000000
0.000000
0.000000
0.000000
0.000000
0.000000
0.000000
0.000000
0.000000
0.000000
0.000000
0.000000
0.000000
0.000000
0.000000
0.000000
0.000000
0.000000
0.000000
0.000000
0.000000
0.000000
0.000000
0.000000
0.000000
0.000000
0.000000
0.000000
0.000000
0.000000
0.000000
0.000000
0.000000
0.000000
0.000000
0.000000
0.000000
0.000000
0.000000
0.000000
0.000000
0.000000
0.000000
0.000000
0.000000
0.000000
0.000000
0.000000
0.000000
0.000000
0.000000
0.000000
0.000000
0.000000
0.000000
0.000000
0.000000
0.000000
0.000000
0.000000
0.000000
0.000000
0.000000
0.000000
0.000000
0.000000
0.000000
0.000000
0.000000
0.000000
0.000000
0.000000
0.000000
0.000000
0.000000
0.000000
0.000000
0.000000
0.000000
0.000000
0.000000
0.000000
0.000000
0.000000
0.000000
0.000000
0.000000
0.000000
0.000000
0.000000
0.000000
0.000000
0.000000
0.000000
0.000000
0.000000
0.000000
0.000000
0.000000
0.000000
0.000000
0.000000
0.000000
0.000000
0.000000
0.000000
0.000000
0.000000
0.000000
0.000000
0.000000
0.000000
0.000000
0.000000
0.000000
0.000000
0.000000
0.000000
0.000000
0.000000
0.000000
0.000000
0.000000
0.000000
0.000000
0.000000
0.000000
0.000000
0.000000
0.000000
0.000000
0.000000
0.000000
0.000000
0.000000
0.000000
0.000000
0.000000
0.000000
0.000000
0.000000
0.000000
0.000000
0.000000
0.000000
0.000000
0.000000
0.000000
0.000000
0.000000
0.000000
0.000000
0.000000
0.000000
0.000000
0.000000
0.000000
0.000000
0.000000
0.000000
0.000000
0.000000
0.000000
0.000000
0.000000
0.000000
0.000000
0.000000
0.000000
0.000000
0.000000
0.000000
0.000000
0.000000
0.000000
0.000000
0.000000
0.000000
0.000000
0.000000
0.000000
0.000000
0.000000
0.000000
0.000000
0.000000
0.000000
0.000000
0.000000
0.000000
0.000000
0.000000
0.000000
0.000000
0.000000
0.000000
0.000000
0.000000
0.000000
0.000000
0.000000
0.000000
0.000000
0.000000
0.000000
0.000000
