-0.000786
-0.002714
-0.004975
-0.007828
-0.011168
-0.014497
-0.017177
-0.020797
-0.026587
-0.032167
-0.034859
-0.035213
-0.035342
-0.036424
-0.038562
-0.041336
-0.043974
-0.046253
-0.048871
-0.052026
-0.054534
-0.055967
-0.057421
-0.060160
-0.064351
-0.068965
-0.072373
-0.073906
-0.074726
-0.076184
-0.078011
-0.079496
-0.080935
-0.082403
-0.083755
-0.085045
-0.085942
-0.086202
-0.086307
-0.086836
-0.087895
-0.089429
-0.090977
-0.091168
-0.089629
-0.087663
-0.085776
-0.084103
-0.082910
-0.081658
-0.079854
-0.078050
-0.076560
-0.074497
-0.071250
-0.067515
-0.063957
-0.060828
-0.058062
-0.054967
-0.051124
-0.046872
-0.042708
-0.038634
-0.035309
-0.031145
-0.027482
-0.024498
-0.021212
-0.017139
-0.013259
-0.009848
-0.006402
-0.003090
-0.000456
0.001609
0.003534
0.005407
0.007190
0.008736
0.010255
0.012517
0.014701
0.014424
0.011952
0.009921
0.009542
0.009697
0.008978
0.007135
0.005109
0.004331
0.004877
0.004835
0.003300
0.001870
0.002153
0.004526
0.007668
0.008729
0.005711
0.000117
-0.004577
-0.007405
-0.011055
-0.018342
-0.028369
-0.037356
-0.043096
-0.047942
-0.055276
-0.064146
-0.070010
-0.070774
-0.069600
-0.070987
-0.075924
-0.082063
-0.087071
-0.090646
-0.094046
-0.097988
-0.101579
-0.103699
-0.104815
-0.106487
-0.109399
-0.112748
-0.114946
-0.116593
-0.116364
-0.114228
-0.111576
-0.110243
-0.110421
-0.109676
-0.105449
-0.098421
-0.091564
-0.085797
-0.079189
-0.071104
-0.063569
-0.057657
-0.052544
-0.046261
-0.036753
-0.024686
-0.013177
-0.003984
0.003626
0.010555
0.017145
0.024343
0.032679
0.041509
0.050775
0.061082
0.072042
0.082640
0.091995
0.100111
0.108325
0.118074
0.128669
0.137377
0.142647
0.146070
0.149712
0.153416
0.156962
0.160607
0.164293
0.168292
0.172711
0.175965
0.176278
0.174719
0.174152
0.175659
0.178470
0.181085
0.181893
0.181685
0.181654
0.180735
0.177918
0.173995
0.169915
0.166016
0.162852
0.160052
0.156722
0.151166
0.145954
0.141558
0.137804
0.134771
0.131751
0.127695
0.122898
0.118175
0.112927
0.106416
0.099226
0.092494
0.087057
0.082612
0.077835
0.071759
0.064174
0.055854
0.048432
0.042569
0.036628
0.029387
0.022235
0.016095
0.010025
0.003475
-0.003847
-0.011553
-0.018404
-0.023792
-0.028260
-0.032373
-0.036471
-0.041341
-0.047022
-0.051958
-0.056157
-0.061326
-0.067648
-0.074079
-0.079557
-0.083732
-0.087793
-0.093255
-0.099004
-0.101780
-0.100994
-0.099767
-0.100048
-0.100412
-0.099405
-0.097350
-0.095861
-0.095569
-0.095106
-0.093265
-0.090744
-0.088734
-0.087025
-0.084822
-0.082347
-0.080156
-0.078456
-0.075627
-0.071380
-0.066010
-0.060533
-0.055435
-0.050060
-0.043620
-0.036842
-0.031925
-0.028567
-0.023676
-0.017095
-0.011746
-0.008470
-0.005449
-0.001428
0.002931
0.006366
0.008567
0.010775
0.014285
0.017607
0.018896
0.019619
0.021257
0.023427
0.025270
0.026379
0.027476
0.029717
0.032350
0.032941
0.031467
0.030375
0.029610
0.027786
0.025724
0.024569
0.024261
0.023740
0.022032
0.019486
0.017176
0.014936
0.011646
0.007839
0.004805
0.002509
0.000543
-0.001778
-0.004550
-0.006546
-0.007408
-0.008304
-0.009848
-0.011550
-0.013438
-0.016245
-0.020292
-0.025244
-0.029512
-0.032067
-0.034462
-0.036722
-0.038878
-0.039717
-0.040664
-0.042922
-0.046065
-0.049016
-0.050378
-0.050728
-0.052338
-0.054795
-0.056326
-0.057293
-0.058680
-0.060541
-0.062754
-0.064850
-0.065724
-0.066135
-0.068140
-0.070318
-0.071094
-0.072280
-0.074169
-0.074896
-0.074166
-0.073354
-0.073408
-0.074267
-0.075139
-0.075057
-0.074577
-0.074907
-0.074833
-0.073090
-0.071071
-0.069662
-0.068444
-0.067448
-0.066673
-0.065321
-0.063207
-0.061289
-0.059548
-0.056864
-0.053584
-0.050797
-0.048146
-0.045071
-0.041510
-0.037431
-0.032971
-0.028393
-0.023758
-0.019277
-0.015579
-0.012651
-0.009425
-0.005645
-0.002095
0.001095
0.003897
0.005988
0.007578
0.008906
0.010789
0.012439
0.013764
0.015542
0.017904
0.019615
0.020027
0.019719
0.018967
0.017581
0.016084
0.015226
0.014520
0.012746
0.009998
0.007778
0.006606
0.005025
0.002350
0.000800
0.002049
0.004373
0.005028
0.003164
-0.000166
-0.003558
-0.006705
-0.011093
-0.018342
-0.026957
-0.034010
-0.039380
-0.045483
-0.053483
-0.060539
-0.063215
-0.062770
-0.063398
-0.066105
-0.068542
-0.070401
-0.073670
-0.078757
-0.084507
-0.089103
-0.091457
-0.093173
-0.095754
-0.098495
-0.100591
-0.102437
-0.104159
-0.105194
-0.105141
-0.103272
-0.100035
-0.098186
-0.097454
-0.094991
-0.090540
-0.085877
-0.081119
-0.074939
-0.068967
-0.061655
-0.055913
-0.050614
-0.043842
-0.035690
-0.026908
-0.017008
-0.005818
0.005418
0.015286
0.023243
0.029581
0.035650
0.043049
0.051460
0.059649
0.068061
0.077558
0.088132
0.098242
0.106433
0.114135
0.123856
0.134569
0.142750
0.148107
0.152925
0.156969
0.159675
0.162069
0.164752
0.167903
0.171743
0.175505
0.177711
0.178088
0.177910
0.178223
0.179058
0.179779
0.180162
0.180985
0.181852
0.181058
0.178241
0.174567
0.170756
0.166686
0.162572
0.158933
0.155453
0.151431
0.147281
0.143751
0.140482
0.136942
0.133341
0.130025
0.126838
0.122918
0.117571
0.111167
0.104727
0.100030
0.094856
0.090161
0.084849
0.079028
0.074029
0.069565
0.063548
0.055650
0.048242
0.042544
0.037100
0.030750
0.023784
0.017165
0.011197
0.004815
-0.002628
-0.010224
-0.017102
-0.023410
-0.029219
-0.034224
-0.038967
-0.044085
-0.048889
-0.053668
-0.059234
-0.064319
-0.068020
-0.072155
-0.077631
-0.082312
-0.084594
-0.086248
-0.089461
-0.093206
-0.094832
-0.093408
-0.090688
-0.089937
-0.091607
-0.092503
-0.090666
-0.087711
-0.085745
-0.084788
-0.083251
-0.079210
-0.072505
-0.066966
-0.065944
-0.066028
-0.062999
-0.057273
-0.051131
-0.046039
-0.041971
-0.037148
-0.030001
-0.022045
-0.016457
-0.013407
-0.009991
-0.005299
0.002206
0.008373
0.010766
0.011176
0.013260
0.017735
0.022196
0.025097
0.027220
0.029509
0.031844
0.033710
0.034460
0.033652
0.032482
0.033007
0.035343
0.037540
0.038335
0.038054
0.036892
0.034968
0.033477
0.032405
0.030468
0.027753
0.025160
0.022893
0.020351
0.017074
0.013469
0.010501
0.008524
0.006767
0.004727
0.002518
-0.000270
-0.003854
-0.007166
-0.009158
-0.010378
-0.012131
-0.014683
-0.017280
-0.019561
-0.021991
-0.025081
-0.028966
-0.033048
-0.035388
-0.035675
-0.036347
-0.038828
-0.041687
-0.043273
-0.043945
-0.045183
-0.047750
-0.050977
-0.053341
-0.054813
-0.057388
-0.061336
-0.064251
-0.066566
-0.067544
-0.068350
-0.069774
-0.071625
-0.073088
-0.073744
-0.074268
-0.075638
-0.077653
-0.079126
-0.079621
-0.079781
-0.080216
-0.081147
-0.082445
-0.083295
-0.082963
-0.082475
-0.083034
-0.083463
-0.082898
-0.082056
-0.080900
-0.079203
-0.077649
-0.076216
-0.073916
-0.070714
-0.067695
-0.065248
-0.063072
-0.061093
-0.058543
-0.055180
-0.051760
-0.048403
-0.044834
-0.041121
-0.036980
-0.032089
-0.027424
-0.024335
-0.022040
-0.018621
-0.014491
-0.011350
-0.009184
-0.007269
-0.004886
-0.001407
0.002887
0.006591
0.009091
0.011588
0.015020
0.018499
0.020850
0.021807
0.021856
0.022055
0.022900
0.023548
0.023353
0.022092
0.020063
0.018011
0.016885
0.016405
0.014763
0.011897
0.009538
0.008646
0.008458
0.007705
0.006161
0.005231
0.006363
0.008639
0.009265
0.006859
0.002903
-0.000542
-0.003792
-0.008811
-0.016406
-0.024837
-0.031990
-0.037917
-0.044099
-0.050769
-0.056387
-0.059864
-0.062061
-0.064541
-0.067733
-0.071197
-0.074897
-0.079194
-0.084080
-0.088721
-0.092293
-0.094840
-0.097034
-0.099522
-0.102470
-0.105277
-0.107138
-0.108633
-0.110149
-0.110693
-0.109689
-0.107953
-0.106205
-0.104214
-0.101461
-0.097603
-0.092501
-0.086547
-0.080356
-0.074503
-0.069585
-0.064889
-0.058863
-0.051283
-0.043119
-0.034528
-0.026936
-0.016353
-0.005538
0.004088
0.011754
0.018336
0.025477
0.033892
0.043047
0.052190
0.061201
0.070589
0.080592
0.090488
0.099556
0.108048
0.116421
0.124614
0.132028
0.137975
0.142377
0.145969
0.149373
0.152719
0.156202
0.160161
0.164316
0.167623
0.169141
0.168873
0.168444
0.168841
0.169213
0.169091
0.169296
0.170175
0.170785
0.170135
0.167970
0.164395
0.160077
0.156154
0.152835
0.149276
0.145040
0.140500
0.136345
0.132310
0.127751
0.123013
0.119063
0.115915
0.112555
0.108485
0.103662
0.097847
0.091258
0.084800
0.079145
0.074297
0.069895
0.065495
0.060481
0.054283
0.048626
0.041750
0.035976
0.030599
0.025124
0.020205
0.016277
0.012475
0.007630
0.001702
-0.004316
-0.009426
-0.013112
-0.015845
-0.019052
-0.023744
-0.029086
-0.033830
-0.038301
-0.043477
-0.048828
-0.052578
-0.054301
-0.055929
-0.059322
-0.063941
-0.068235
-0.071538
-0.073928
-0.075642
-0.077213
-0.078775
-0.079544
-0.079224
-0.079073
-0.080075
-0.080697
-0.078597
-0.074477
-0.071442
-0.070588
-0.070448
-0.069776
-0.068462
-0.066994
-0.065495
-0.063482
-0.060155
-0.055216
-0.049735
-0.045371
-0.042333
-0.038614
-0.033003
-0.027079
-0.022442
-0.018865
-0.015364
-0.011568
-0.007554
-0.003402
0.000639
0.004404
0.008507
0.012385
0.017040
0.020059
0.021604
0.023217
0.025599
0.028010
0.029787
0.031192
0.032426
0.033072
0.033329
0.033839
0.034578
0.035021
0.035064
0.034627
0.033513
0.031894
0.030295
0.028786
0.026829
0.024432
0.022529
0.021131
0.018598
0.014410
0.010120
0.007180
0.005179
0.003022
0.000548
-0.001586
-0.003077
-0.004541
-0.006847
-0.010040
-0.013047
-0.015133
-0.016882
-0.019539
-0.023176
-0.026809
-0.029933
-0.032677
-0.034800
-0.035772
-0.035935
-0.036444
-0.037582
-0.038595
-0.039832
-0.042020
-0.044672
-0.046623
-0.047741
-0.048782
-0.050159
-0.051781
-0.053595
-0.055442
-0.056951
-0.058176
-0.059702
-0.060867
-0.061592
-0.061792
-0.062819
-0.065095
-0.067168
-0.067782
-0.067786
-0.068548
-0.069503
-0.069779
-0.070449
-0.072401
-0.074654
-0.075786
-0.075722
-0.075277
-0.074747
-0.073792
-0.072272
-0.070444
-0.068826
-0.067853
-0.067117
-0.065624
-0.063226
-0.060730
-0.058447
-0.055822
-0.052650
-0.049522
-0.046623
-0.043081
-0.038177
-0.032603
-0.027648
-0.023503
-0.019676
-0.016089
-0.012983
-0.010049
-0.006487
-0.001949
0.002876
0.006792
0.009349
0.011340
0.014053
0.017270
0.019558
0.020847
0.022617
0.025335
0.027575
0.027900
0.026725
0.025654
0.025451
0.025514
0.024869
0.023400
0.021870
0.020676
0.019214
