-0.000000
-0.000000
-0.000000
-0.000001
-0.000002
-0.000004
-0.000006
-0.000010
-0.000016
-0.000025
-0.000033
-0.000040
-0.000048
-0.000058
-0.000071
-0.000088
-0.000106
-0.000126
-0.000149
-0.000177
-0.000205
-0.000233
-0.000261
-0.000300
-0.000348
-0.000406
-0.000460
-0.000507
-0.000550
-0.000602
-0.000659
-0.000718
-0.000778
-0.000843
-0.000908
-0.000978
-0.001044
-0.001107
-0.001168
-0.001238
-0.001317
-0.001408
-0.001502
-0.001578
-0.001623
-0.001661
-0.001697
-0.001737
-0.001785
-0.001832
-0.001864
-0.001896
-0.001932
-0.001953
-0.001938
-0.001905
-0.001869
-0.001842
-0.001819
-0.001782
-0.001713
-0.001623
-0.001527
-0.001426
-0.001344
-0.001223
-0.001111
-0.001021
-0.000910
-0.000757
-0.000602
-0.000460
-0.000307
-0.000152
-0.000023
0.000084
0.000189
0.000296
0.000404
0.000503
0.000605
0.000757
0.000911
0.000915
0.000776
0.000660
0.000649
0.000675
0.000639
0.000519
0.000380
0.000329
0.000378
0.000383
0.000267
0.000154
0.000181
0.000389
0.000673
0.000781
0.000521
0.000011
-0.000434
-0.000715
-0.001088
-0.001839
-0.002896
-0.003883
-0.004561
-0.005165
-0.006060
-0.007156
-0.007946
-0.008171
-0.008172
-0.008476
-0.009217
-0.010128
-0.010921
-0.011555
-0.012181
-0.012895
-0.013578
-0.014080
-0.014452
-0.014909
-0.015549
-0.016268
-0.016833
-0.017329
-0.017549
-0.017479
-0.017320
-0.017359
-0.017634
-0.017763
-0.017317
-0.016388
-0.015455
-0.014680
-0.013732
-0.012496
-0.011321
-0.010404
-0.009605
-0.008567
-0.006894
-0.004690
-0.002535
-0.000776
0.000715
0.002108
0.003466
0.004981
0.006768
0.008700
0.010769
0.013109
0.015643
0.018154
0.020443
0.022503
0.024626
0.027147
0.029916
0.032298
0.033908
0.035105
0.036372
0.037677
0.038963
0.040295
0.041657
0.043121
0.044716
0.046033
0.046591
0.046653
0.046974
0.047860
0.049114
0.050331
0.051056
0.051500
0.051993
0.052233
0.051914
0.051256
0.050529
0.049837
0.049345
0.048949
0.048373
0.047088
0.045879
0.044902
0.044104
0.043520
0.042923
0.041970
0.040748
0.039523
0.038095
0.036208
0.034050
0.032010
0.030383
0.029074
0.027620
0.025675
0.023150
0.020313
0.017757
0.015734
0.013647
0.011036
0.008416
0.006140
0.003854
0.001346
-0.001502
-0.004545
-0.007296
-0.009504
-0.011373
-0.013126
-0.014898
-0.017012
-0.019492
-0.021695
-0.023618
-0.025978
-0.028861
-0.031829
-0.034425
-0.036486
-0.038523
-0.041204
-0.044046
-0.045591
-0.045548
-0.045299
-0.045732
-0.046206
-0.046046
-0.045392
-0.044991
-0.045147
-0.045220
-0.044630
-0.043702
-0.043006
-0.042445
-0.041630
-0.040668
-0.039832
-0.039228
-0.038045
-0.036128
-0.033613
-0.031009
-0.028568
-0.025951
-0.022747
-0.019325
-0.016844
-0.015159
-0.012636
-0.009176
-0.006341
-0.004598
-0.002975
-0.000784
0.001618
0.003534
0.004782
0.006047
0.008060
0.009988
0.010777
0.011249
0.012253
0.013574
0.014719
0.015444
0.016170
0.017578
0.019233
0.019684
0.018898
0.018333
0.017960
0.016937
0.015757
0.015123
0.015006
0.014754
0.013758
0.012226
0.010827
0.009460
0.007410
0.005011
0.003086
0.001619
0.000352
-0.001157
-0.002975
-0.004300
-0.004887
-0.005503
-0.006554
-0.007720
-0.009021
-0.010953
-0.013739
-0.017164
-0.020151
-0.021987
-0.023727
-0.025388
-0.026988
-0.027683
-0.028457
-0.030158
-0.032495
-0.034714
-0.035819
-0.036208
-0.037502
-0.039414
-0.040670
-0.041526
-0.042692
-0.044211
-0.045997
-0.047710
-0.048530
-0.049012
-0.050680
-0.052489
-0.053257
-0.054338
-0.055954
-0.056700
-0.056342
-0.055917
-0.056150
-0.057000
-0.057863
-0.057994
-0.057814
-0.058262
-0.058394
-0.057220
-0.055818
-0.054887
-0.054098
-0.053480
-0.053030
-0.052116
-0.050585
-0.049200
-0.047947
-0.045924
-0.043404
-0.041269
-0.039230
-0.036832
-0.034020
-0.030765
-0.027176
-0.023469
-0.019693
-0.016023
-0.012985
-0.010573
-0.007898
-0.004743
-0.001765
0.000925
0.003300
0.005085
0.006452
0.007602
0.009232
0.010671
0.011837
0.013399
0.015473
0.016993
0.017391
0.017165
0.016549
0.015376
0.014099
0.013378
0.012786
0.011250
0.008843
0.006895
0.005869
0.004474
0.002096
0.000715
0.001836
0.003926
0.004524
0.002852
-0.000150
-0.003221
-0.006081
-0.010082
-0.016702
-0.024592
-0.031086
-0.036062
-0.041727
-0.049157
-0.055742
-0.058311
-0.058003
-0.058686
-0.061297
-0.063666
-0.065503
-0.068660
-0.073521
-0.079017
-0.083449
-0.085790
-0.087536
-0.090100
-0.092821
-0.094940
-0.096825
-0.098598
-0.099721
-0.099814
-0.098177
-0.095233
-0.093600
-0.093028
-0.090796
-0.086656
-0.082298
-0.077838
-0.071997
-0.066342
-0.059380
-0.053914
-0.048861
-0.042373
-0.034533
-0.026065
-0.016493
-0.005648
0.005265
0.014870
0.022634
0.028835
0.034784
0.042044
0.050305
0.058365
0.066655
0.076023
0.086462
0.096462
0.104591
0.112250
0.121905
0.132553
0.140715
0.146103
0.150961
0.155062
0.157839
0.160312
0.163068
0.166290
0.170193
0.174023
0.176306
0.176777
0.176690
0.177091
0.178005
0.178806
0.179265
0.180162
0.181096
0.180377
0.177635
0.174036
0.170290
0.166284
0.162226
0.158640
0.155204
0.151226
0.147112
0.143615
0.140373
0.136860
0.133278
0.129981
0.126807
0.122900
0.117560
0.111163
0.104725
0.100030
0.094854
0.090157
0.084841
0.079016
0.074011
0.069542
0.063518
0.055617
0.048205
0.042504
0.037057
0.030708
0.023746
0.017134
0.011173
0.004803
-0.002621
-0.010193
-0.017044
-0.023322
-0.029098
-0.034068
-0.038773
-0.043847
-0.048602
-0.053327
-0.058828
-0.063845
-0.067482
-0.071545
-0.076930
-0.081521
-0.083730
-0.085313
-0.088432
-0.092074
-0.093615
-0.092144
-0.089395
-0.088589
-0.090165
-0.090975
-0.089096
-0.086122
-0.084120
-0.083111
-0.081532
-0.077504
-0.070879
-0.065402
-0.064343
-0.064362
-0.061348
-0.055715
-0.049689
-0.044694
-0.040700
-0.035984
-0.029028
-0.021307
-0.015887
-0.012927
-0.009622
-0.005098
0.002119
0.008034
0.010318
0.010697
0.012675
0.016930
0.021159
0.023893
0.025877
0.028014
0.030187
0.031910
0.032572
0.031762
0.030611
0.031059
0.033205
0.035214
0.035903
0.035582
0.034439
0.032590
0.031148
0.030100
0.028252
0.025690
0.023249
0.021117
0.018738
0.015693
0.012357
0.009616
0.007791
0.006174
0.004304
0.002288
-0.000245
-0.003488
-0.006474
-0.008257
-0.009338
-0.010893
-0.013156
-0.015452
-0.017454
-0.019580
-0.022283
-0.025679
-0.029233
-0.031233
-0.031415
-0.031935
-0.034036
-0.036458
-0.037757
-0.038253
-0.039237
-0.041367
-0.044056
-0.045986
-0.047139
-0.049231
-0.052486
-0.054842
-0.056672
-0.057358
-0.057891
-0.058943
-0.060347
-0.061416
-0.061800
-0.062071
-0.063044
-0.064546
-0.065587
-0.065814
-0.065760
-0.065931
-0.066505
-0.067374
-0.067870
-0.067402
-0.066807
-0.067060
-0.067203
-0.066547
-0.065670
-0.064546
-0.062996
-0.061568
-0.060241
-0.058239
-0.055538
-0.052997
-0.050915
-0.049057
-0.047361
-0.045234
-0.042493
-0.039726
-0.037023
-0.034177
-0.031238
-0.027996
-0.024209
-0.020617
-0.018230
-0.016451
-0.013850
-0.010739
-0.008381
-0.006757
-0.005328
-0.003568
-0.001024
0.002093
0.004759
0.006539
0.008303
0.010721
0.013153
0.014766
0.015383
0.015357
0.015434
0.015961
0.016346
0.016145
0.015211
0.013756
0.012298
0.011481
0.011107
0.009953
0.007987
0.006375
0.005754
0.005604
0.005083
0.004047
0.003421
0.004142
0.005599
0.005977
0.004405
0.001856
-0.000345
-0.002402
-0.005555
-0.010294
-0.015510
-0.019881
-0.023452
-0.027144
-0.031098
-0.034371
-0.036311
-0.037458
-0.038760
-0.040473
-0.042329
-0.044303
-0.046606
-0.049228
-0.051676
-0.053477
-0.054665
-0.055636
-0.056761
-0.058130
-0.059403
-0.060127
-0.060635
-0.061145
-0.061110
-0.060220
-0.058938
-0.057659
-0.056259
-0.054463
-0.052093
-0.049087
-0.045662
-0.042150
-0.038851
-0.036074
-0.033440
-0.030154
-0.026114
-0.021824
-0.017370
-0.013468
-0.008126
-0.002735
0.002006
0.005733
0.008887
0.012270
0.016218
0.020468
0.024655
0.028724
0.032914
0.037332
0.041639
0.045507
0.049059
0.052505
0.055820
0.058738
0.060964
0.062474
0.063607
0.064635
0.065619
0.066642
0.067845
0.069107
0.069990
0.070113
0.069491
0.068806
0.068460
0.068101
0.067544
0.067117
0.066955
0.066683
0.065921
0.064580
0.062715
0.060591
0.058642
0.056942
0.055173
0.053178
0.051099
0.049185
0.047341
0.045334
0.043292
0.041553
0.040116
0.038624
0.036912
0.034970
0.032725
0.030257
0.027872
0.025785
0.023992
0.022370
0.020775
0.019012
0.016909
0.015009
0.012769
0.010901
0.009186
0.007472
0.005952
0.004749
0.003605
0.002184
0.000483
-0.001212
-0.002620
-0.003608
-0.004317
-0.005139
-0.006340
-0.007688
-0.008850
-0.009917
-0.011140
-0.012380
-0.013191
-0.013479
-0.013736
-0.014412
-0.015367
-0.016220
-0.016819
-0.017188
-0.017392
-0.017554
-0.017707
-0.017676
-0.017404
-0.017170
-0.017185
-0.017116
-0.016474
-0.015424
-0.014619
-0.014270
-0.014068
-0.013763
-0.013337
-0.012889
-0.012443
-0.011907
-0.011140
-0.010094
-0.008974
-0.008080
-0.007440
-0.006696
-0.005647
-0.004571
-0.003737
-0.003098
-0.002488
-0.001847
-0.001190
-0.000528
0.000098
0.000664
0.001264
0.001814
0.002459
0.002851
0.003025
0.003201
0.003476
0.003744
0.003920
0.004040
0.004134
0.004148
0.004113
0.004108
0.004129
0.004112
0.004048
0.003930
0.003739
0.003497
0.003264
0.003046
0.002789
0.002494
0.002258
0.002079
0.001796
0.001366
0.000941
0.000655
0.000463
0.000265
0.000047
-0.000134
-0.000254
-0.000367
-0.000543
-0.000779
-0.000991
-0.001125
-0.001228
-0.001390
-0.001612
-0.001823
-0.001990
-0.002123
-0.002208
-0.002217
-0.002174
-0.002152
-0.002165
-0.002168
-0.002182
-0.002243
-0.002324
-0.002362
-0.002355
-0.002342
-0.002343
-0.002352
-0.002367
-0.002378
-0.002373
-0.002353
-0.002343
-0.002317
-0.002273
-0.002209
-0.002175
-0.002181
-0.002177
-0.002124
-0.002053
-0.002004
-0.001961
-0.001898
-0.001847
-0.001827
-0.001813
-0.001769
-0.001699
-0.001621
-0.001544
-0.001460
-0.001369
-0.001276
-0.001192
-0.001120
-0.001057
-0.000983
-0.000901
-0.000822
-0.000750
-0.000678
-0.000605
-0.000537
-0.000477
-0.000414
-0.000345
-0.000275
-0.000219
-0.000173
-0.000135
-0.000102
-0.000076
-0.000054
-0.000032
-0.000009
0.000012
0.000026
0.000032
0.000035
0.000038
0.000042
0.000042
0.000038
0.000036
0.000034
0.000032
0.000026
0.000021
0.000015
0.000012
0.000009
0.000006
0.000004
0.000002
0.000001
0.000000
