0.116629
0.113486
0.112182
0.111398
0.111473
0.111851
0.109626
0.102210
0.092053
0.085384
0.084749
0.085306
0.080616
0.070649
0.061712
0.059241
0.061798
0.062601
0.057701
0.048629
0.037210
0.024849
0.016785
0.017947
0.023594
0.023339
0.016952
0.014353
0.015565
0.009908
0.000815
-0.000778
0.001753
0.000993
0.002569
0.011873
0.018463
0.011915
0.002037
0.003114
0.008649
0.006975
0.006542
0.014424
0.020568
0.020345
0.021143
0.023631
0.019281
0.008506
0.003423
0.008434
0.013852
0.013747
0.013784
0.018170
0.024376
0.027864
0.023949
0.012666
0.002219
0.001418
0.008516
0.012338
0.007942
-0.003726
-0.009415
-0.003606
0.003259
-0.000965
-0.011811
-0.015545
-0.010215
-0.006348
-0.008780
-0.012712
-0.017285
-0.022422
-0.016165
0.001870
0.008471
-0.005519
-0.017080
-0.007696
0.010317
0.018186
0.017709
0.017560
0.014249
0.007677
0.011693
0.026830
0.036451
0.036029
0.032937
0.030548
0.030582
0.036654
0.043614
0.037758
0.019442
0.009290
0.017099
0.026691
0.027738
0.026478
0.021792
0.009105
-0.002536
-0.001874
0.005749
0.008024
0.005554
0.005055
0.001267
-0.011846
-0.020781
-0.013008
-0.001259
-0.001289
-0.007405
-0.004753
0.006670
0.012945
0.007136
-0.001184
0.001234
0.015884
0.029552
0.040171
0.041579
0.040144
0.044304
0.056219
0.070373
0.079818
0.082515
0.082022
0.085009
0.098381
0.121169
0.140075
0.145139
0.144377
0.151193
0.163713
0.171067
0.174664
0.186094
0.203831
0.211837
0.207286
0.206602
0.214734
0.221383
0.225382
0.232836
0.239695
0.238444
0.235656
0.243472
0.256319
0.256635
0.245613
0.243860
0.254823
0.258307
0.248310
0.238793
0.237761
0.239273
0.238903
0.238917
0.237815
0.230000
0.219221
0.217009
0.222408
0.221514
0.211487
0.201001
0.194510
0.191507
0.191360
0.189282
0.177409
0.158210
0.147478
0.153220
0.161631
0.158070
0.147895
0.140700
0.131789
0.123376
0.119741
0.119884
0.114642
0.101481
0.090376
0.086127
0.080678
0.073091
0.070999
0.072767
0.068893
0.057986
0.047465
0.040418
0.032747
0.023738
0.018746
0.017884
0.012572
-0.000930
-0.012847
-0.013798
-0.007715
-0.006559
-0.015127
-0.026752
-0.033647
-0.035647
-0.036969
-0.040263
-0.047434
-0.058822
-0.066388
-0.060980
-0.048495
-0.043275
-0.048670
-0.055759
-0.057919
-0.055227
-0.047491
-0.035783
-0.030043
-0.038685
-0.049284
-0.042871
-0.025963
-0.017675
-0.019657
-0.018375
-0.007723
0.005531
0.013926
0.016152
0.014652
0.015575
0.025887
0.040516
0.045518
0.041832
0.041705
0.045492
0.048954
0.048933
0.053320
0.063687
0.068463
0.063158
0.059217
0.062365
0.067704
0.071025
0.069510
0.060309
0.048835
0.049014
0.065197
0.080911
0.077251
0.056624
0.036628
0.028525
0.032837
0.042468
0.046295
0.039299
0.027734
0.020978
0.021878
0.026922
0.031001
0.029261
0.020777
0.012964
0.011501
0.011247
0.008252
0.007349
0.010836
0.012767
0.010359
0.009439
0.012003
0.009760
0.000322
-0.002682
0.009529
0.022837
0.023095
0.014198
0.008306
0.009420
0.013243
0.016834
0.021519
0.027273
0.029876
0.026450
0.021630
0.023234
0.031761
0.040726
0.044435
0.041306
0.033337
0.027334
0.026279
0.035071
0.046573
0.050328
0.046467
0.041487
0.036493
0.030421
0.028901
0.038662
0.054080
0.060187
0.052709
0.045169
0.048135
0.052686
0.048737
0.047573
0.059009
0.071216
0.070330
0.062823
0.062962
0.070937
0.077340
0.080619
0.084905
0.087065
0.083127
0.079509
0.081612
0.087781
0.097179
0.105659
0.102419
0.086371
0.075974
0.086271
0.103445
0.102425
0.084683
0.073571
0.077321
0.085796
0.089402
0.082937
0.069414
0.061348
0.064650
0.067019
0.056642
0.045163
0.050142
0.059973
0.048820
0.024637
0.015427
0.024406
0.032387
0.027694
0.015774
0.007492
0.008102
0.013004
0.017020
0.011604
0.002781
-0.001058
-0.002761
-0.007264
-0.010381
-0.006882
-0.001175
-0.001343
-0.007872
-0.015223
-0.018458
-0.014095
-0.006784
-0.010523
-0.025154
-0.030958
-0.019114
-0.007502
-0.013805
-0.030104
-0.037728
-0.034424
-0.030587
-0.030249
-0.033206
-0.040271
-0.044986
-0.042676
-0.042205
-0.051679
-0.063215
-0.065789
-0.062866
-0.063581
-0.064807
-0.059193
-0.053972
-0.061195
-0.075416
-0.082608
-0.078380
-0.070216
-0.067657
-0.071520
-0.073287
-0.067557
-0.061492
-0.064539
-0.071600
-0.069731
-0.060536
-0.056213
-0.059122
-0.064221
-0.066686
-0.061644
-0.049939
-0.043832
-0.053266
-0.067146
-0.065528
-0.054304
-0.048700
-0.055898
-0.060395
-0.057127
-0.056711
-0.062090
-0.063311
-0.058451
-0.060069
-0.073157
-0.084073
-0.080710
-0.068920
-0.061297
-0.064157
-0.074676
-0.084500
-0.086664
-0.081664
-0.076930
-0.078687
-0.084138
-0.084150
-0.075983
-0.068911
-0.068511
-0.066341
-0.056662
-0.048793
-0.051798
-0.057967
-0.053574
-0.039449
-0.028654
-0.026169
-0.023584
-0.014351
-0.003073
0.002252
0.002200
0.007874
0.026385
0.047556
0.054811
0.047429
0.041105
0.045987
0.056755
0.067190
0.077702
0.085089
0.085920
0.085550
0.088878
0.093845
0.099682
0.109003
0.118075
0.117189
0.106375
0.098744
0.101175
0.105984
0.107671
0.108806
0.108373
0.104775
0.100583
0.100088
0.101374
0.098684
0.092313
0.087888
0.086789
0.084920
0.079649
0.073258
0.070237
0.070818
0.069599
0.062466
0.052582
0.046515
0.046025
0.047637
0.047093
0.040380
0.027181
0.014883
0.011459
0.015771
0.019668
0.016802
0.006615
-0.006691
-0.016162
-0.017427
-0.015382
-0.019262
-0.028964
-0.038470
-0.047048
-0.056087
-0.062654
-0.064468
-0.065725
-0.071261
-0.078695
-0.083124
-0.086831
-0.096186
-0.109194
-0.115705
-0.113916
-0.114288
-0.124093
-0.135818
-0.138528
-0.134260
-0.133391
-0.137939
-0.141658
-0.145009
-0.153101
-0.158656
-0.151899
-0.142181
-0.142208
-0.150745
-0.157877
-0.157891
-0.155731
-0.153254
-0.147273
-0.142112
-0.145138
-0.150594
-0.147230
-0.135223
-0.126485
-0.129501
-0.138261
-0.138816
-0.126538
-0.113111
-0.112078
-0.120433
-0.122905
-0.114103
-0.102101
-0.096019
-0.098954
-0.106886
-0.111326
-0.107411
-0.100078
-0.097881
-0.100867
-0.101378
-0.097093
-0.094069
-0.095880
-0.099601
-0.100748
-0.099093
-0.099327
-0.103801
-0.107067
-0.103678
-0.099625
-0.105500
-0.116468
-0.115640
-0.104272
-0.102608
-0.114472
-0.123813
-0.121612
-0.115623
-0.114454
-0.117218
-0.120442
-0.123729
-0.125208
-0.121207
-0.114021
-0.111149
-0.114505
-0.118701
-0.118837
-0.116648
-0.116535
-0.118725
-0.117337
-0.107813
-0.097741
-0.098482
-0.105013
-0.104182
-0.094900
-0.086758
-0.083471
-0.080427
-0.076481
-0.076923
-0.082311
-0.083907
-0.076148
-0.065340
-0.058624
-0.052764
-0.045921
-0.045336
-0.054160
-0.060654
-0.052206
-0.034643
-0.025911
-0.032123
-0.041912
-0.045141
-0.043007
-0.037395
-0.029053
-0.024505
-0.027674
-0.032398
-0.032111
-0.029453
-0.028965
-0.027536
-0.021577
-0.017933
-0.024520
-0.033284
-0.029277
-0.015135
-0.006674
-0.010179
-0.016390
-0.016461
-0.013970
-0.015895
-0.018529
-0.012290
0.000460
0.004125
-0.008155
-0.021488
-0.019920
-0.005989
0.004754
0.002388
-0.007946
-0.014407
-0.013532
-0.009477
-0.010465
-0.016886
-0.022964
-0.025739
-0.025629
-0.023932
-0.023677
-0.028291
-0.036277
-0.041150
-0.040250
-0.039662
-0.045463
-0.054802
-0.062203
-0.067523
-0.071072
-0.070676
-0.066784
-0.064748
-0.068518
-0.075043
-0.078413
-0.077968
-0.078012
-0.079754
-0.079030
-0.075634
-0.076348
-0.082835
-0.085598
-0.076654
-0.062873
-0.058418
-0.065714
-0.072418
-0.069301
-0.062379
-0.060729
-0.061147
-0.057001
-0.052983
-0.056431
-0.062835
-0.061201
-0.051122
-0.044823
-0.050205
-0.059549
-0.060595
-0.053430
-0.049336
-0.054686
-0.064225
-0.070139
-0.069861
-0.066616
-0.065954
-0.071110
-0.079555
-0.084578
-0.082494
-0.078558
-0.078625
-0.085865
-0.094064
-0.098568
-0.100581
-0.101411
-0.099746
-0.096867
-0.098101
-0.104683
-0.109994
-0.109462
-0.107355
-0.107508
-0.108654
-0.111638
-0.117697
-0.120783
-0.113316
-0.100544
-0.098355
-0.112108
-0.126787
-0.126388
-0.115729
-0.110948
-0.114498
-0.117956
-0.118949
-0.122680
-0.130062
-0.134483
-0.131459
-0.125446
-0.124243
-0.129918
-0.137716
-0.141225
-0.138375
-0.134331
-0.134740
-0.138231
-0.139560
-0.137792
-0.136065
-0.135596
-0.134907
-0.133118
-0.129043
-0.120826
-0.112858
-0.114056
-0.119473
-0.114507
-0.098677
-0.086536
-0.084350
-0.082844
-0.074566
-0.063926
-0.055835
-0.048187
-0.040788
-0.036904
-0.029010
-0.013543
0.002285
0.008548
0.009095
0.016268
0.031733
0.045698
0.054185
0.062551
0.072509
0.080406
0.085478
0.090477
0.098712
0.111412
0.125399
0.134190
0.134623
0.131942
0.134632
0.144369
0.154353
0.158375
0.158067
0.158783
0.161824
0.163563
0.161866
0.159112
0.157937
0.157847
0.157848
0.158369
0.158211
0.154678
0.149038
0.144340
0.141252
0.140560
0.142827
0.143363
0.135503
0.121577
0.112759
0.113146
0.112469
0.102570
0.091358
0.089274
0.093842
0.095213
0.087236
0.072244
0.058538
0.052682
0.052975
0.051808
0.044922
0.034956
0.024800
0.014246
0.006044
0.004058
0.005314
0.003776
-0.005537
-0.018206
-0.025542
-0.025557
-0.025655
-0.033905
-0.048965
-0.061772
-0.064897
-0.059520
-0.054908
-0.059912
-0.073841
-0.086491
-0.088770
-0.082666
-0.078225
-0.081573
-0.089811
-0.096921
-0.099793
-0.098973
-0.097262
-0.096535
-0.096442
-0.096309
-0.096146
-0.094953
-0.091465
-0.089021
-0.093119
-0.099417
-0.095975
-0.083137
-0.073549
-0.072939
-0.073880
-0.070463
-0.067144
-0.068387
-0.068815
-0.061720
-0.051299
-0.047348
-0.050836
-0.053238
-0.048424
-0.039323
-0.033867
-0.035450
-0.039114
-0.037837
-0.031104
-0.025142
-0.024826
-0.028045
-0.029487
-0.028104
-0.026501
-0.025120
-0.021863
-0.018164
-0.015316
-0.017179
-0.021232
-0.022799
-0.021515
-0.019450
-0.015988
-0.012183
-0.013501
-0.022252
-0.031542
-0.032024
-0.023554
-0.015987
-0.017305
-0.024211
-0.027780
-0.026042
-0.025436
-0.027414
-0.026345
-0.021233
-0.019120
-0.023860
-0.030251
-0.032503
-0.031541
-0.029719
-0.025474
-0.020207
-0.021661
-0.029655
-0.031923
-0.022623
-0.011288
-0.008924
-0.014401
-0.018743
-0.017406
-0.013299
-0.010227
-0.008526
-0.006841
-0.004202
0.000091
0.005422
0.009817
0.012516
0.015232
0.019465
0.023844
0.026262
0.027726
0.031243
0.036727
0.040587
0.041375
0.042538
0.047144
0.053720
0.057273
0.055706
0.054130
