0.000000
0.000002
0.000004
0.000010
0.000017
0.000027
0.000037
0.000048
0.000055
0.000066
0.000080
0.000098
0.000109
0.000113
0.000114
0.000126
0.000149
0.000171
0.000176
0.000166
0.000140
0.000103
0.000076
0.000089
0.000128
0.000137
0.000108
0.000098
0.000115
0.000078
0.000007
-0.000007
0.000017
0.000010
0.000028
0.000136
0.000224
0.000153
0.000028
0.000044
0.000130
0.000110
0.000108
0.000250
0.000373
0.000385
0.000418
0.000488
0.000415
0.000191
0.000080
0.000205
0.000350
0.000360
0.000375
0.000513
0.000712
0.000844
0.000750
0.000411
0.000074
0.000049
0.000304
0.000455
0.000302
-0.000146
-0.000381
-0.000150
0.000140
-0.000043
-0.000536
-0.000726
-0.000490
-0.000313
-0.000445
-0.000661
-0.000923
-0.001228
-0.000908
0.000108
0.000500
-0.000334
-0.001058
-0.000488
0.000670
0.001209
0.001204
0.001222
0.001014
0.000558
0.000869
0.002038
0.002828
0.002855
0.002664
0.002523
0.002577
0.003152
0.003825
0.003378
0.001773
0.000864
0.001620
0.002578
0.002729
0.002654
0.002225
0.000947
-0.000268
-0.000202
0.000630
0.000895
0.000630
0.000584
0.000149
-0.001414
-0.002523
-0.001605
-0.000158
-0.000164
-0.000959
-0.000625
0.000892
0.001758
0.000984
-0.000166
0.000175
0.002292
0.004328
0.005971
0.006271
0.006143
0.006877
0.008853
0.011239
0.012927
0.013551
0.013657
0.014349
0.016833
0.021012
0.024618
0.025847
0.026052
0.027639
0.030317
0.032087
0.033182
0.035802
0.039709
0.041784
0.041394
0.041765
0.043940
0.045849
0.047240
0.049383
0.051442
0.051774
0.051768
0.054103
0.057614
0.058343
0.056471
0.056698
0.059910
0.061401
0.059675
0.058014
0.058391
0.059395
0.059938
0.060578
0.060935
0.059549
0.057349
0.057356
0.059386
0.059749
0.057622
0.055314
0.054063
0.053754
0.054242
0.054177
0.051272
0.046163
0.043444
0.045564
0.048520
0.047896
0.045231
0.043428
0.041052
0.038782
0.037981
0.038369
0.037020
0.033061
0.029704
0.028556
0.026983
0.024657
0.024158
0.024971
0.023842
0.020237
0.016704
0.014343
0.011717
0.008563
0.006818
0.006557
0.004647
-0.000346
-0.004825
-0.005223
-0.002943
-0.002522
-0.005861
-0.010445
-0.013238
-0.014132
-0.014767
-0.016204
-0.019233
-0.024028
-0.027319
-0.025277
-0.020249
-0.018200
-0.020617
-0.023789
-0.024886
-0.023897
-0.020694
-0.015702
-0.013274
-0.017211
-0.022076
-0.019335
-0.011788
-0.008079
-0.009046
-0.008512
-0.003601
0.002596
0.006579
0.007680
0.007012
0.007501
0.012546
0.019761
0.022340
0.020659
0.020724
0.022746
0.024627
0.024767
0.027150
0.032625
0.035281
0.032741
0.030880
0.032712
0.035721
0.037690
0.037099
0.032373
0.026363
0.026610
0.035595
0.044421
0.042647
0.031433
0.020444
0.016008
0.018528
0.024092
0.026403
0.022533
0.015986
0.012155
0.012743
0.015762
0.018244
0.017308
0.012352
0.007746
0.006907
0.006788
0.005005
0.004480
0.006637
0.007859
0.006407
0.005866
0.007495
0.006123
0.000203
-0.001699
0.006063
0.014599
0.014832
0.009160
0.005383
0.006133
0.008660
0.011058
0.014197
0.018072
0.019884
0.017680
0.014521
0.015665
0.021505
0.027691
0.030340
0.028322
0.022953
0.018897
0.018242
0.024445
0.032592
0.035361
0.032779
0.029382
0.025946
0.021714
0.020709
0.027810
0.039049
0.043624
0.038348
0.032986
0.035282
0.038761
0.035987
0.035256
0.043889
0.053159
0.052684
0.047228
0.047499
0.053703
0.058753
0.061455
0.064944
0.066822
0.064014
0.061434
0.063267
0.068275
0.075831
0.082717
0.080438
0.068052
0.060050
0.068404
0.082277
0.081720
0.067772
0.059059
0.062258
0.069290
0.072418
0.067380
0.056560
0.050133
0.052985
0.055084
0.046687
0.037331
0.041563
0.049850
0.040691
0.020591
0.012929
0.020508
0.027287
0.023395
0.013361
0.006363
0.006898
0.011099
0.014564
0.009955
0.002392
-0.000912
-0.002386
-0.006293
-0.009015
-0.005991
-0.001025
-0.001175
-0.006900
-0.013375
-0.016254
-0.012440
-0.006001
-0.009329
-0.022348
-0.027564
-0.017055
-0.006708
-0.012370
-0.027031
-0.033946
-0.031037
-0.027633
-0.027382
-0.030118
-0.036598
-0.040962
-0.038933
-0.038576
-0.047324
-0.057994
-0.060467
-0.057885
-0.058648
-0.059885
-0.054794
-0.050046
-0.056842
-0.070169
-0.076989
-0.073169
-0.065655
-0.063364
-0.067088
-0.068853
-0.063569
-0.057949
-0.060913
-0.067678
-0.066008
-0.057386
-0.053365
-0.056205
-0.061138
-0.063571
-0.058845
-0.047734
-0.041952
-0.051047
-0.064431
-0.062956
-0.052237
-0.046902
-0.053899
-0.058304
-0.055213
-0.054872
-0.060144
-0.061394
-0.056742
-0.058375
-0.071168
-0.081869
-0.078673
-0.067246
-0.059866
-0.062717
-0.073068
-0.082755
-0.084950
-0.080117
-0.075536
-0.077324
-0.082749
-0.082825
-0.074844
-0.067928
-0.067584
-0.065489
-0.055974
-0.048232
-0.051236
-0.057375
-0.053059
-0.039093
-0.028412
-0.025962
-0.023411
-0.014253
-0.003053
0.002239
0.002188
0.007835
0.026265
0.047358
0.054605
0.047267
0.040980
0.045862
0.056618
0.067047
0.077559
0.084953
0.085803
0.085452
0.088795
0.093773
0.099622
0.108951
0.118035
0.117161
0.106359
0.098734
0.101171
0.105982
0.107671
0.108804
0.108369
0.104765
0.100567
0.100063
0.101340
0.098638
0.092258
0.087820
0.086708
0.084822
0.079541
0.073141
0.070108
0.070667
0.069432
0.062296
0.052422
0.046356
0.045851
0.047439
0.046879
0.040179
0.027034
0.014795
0.011387
0.015663
0.019523
0.016669
0.006560
-0.006630
-0.016007
-0.017249
-0.015215
-0.019040
-0.028612
-0.037976
-0.046412
-0.055288
-0.061715
-0.063453
-0.064640
-0.070027
-0.077270
-0.081549
-0.085113
-0.094199
-0.106843
-0.113109
-0.111257
-0.111512
-0.120962
-0.132257
-0.134761
-0.130472
-0.129492
-0.133763
-0.137220
-0.140309
-0.147972
-0.153162
-0.146469
-0.136934
-0.136796
-0.144828
-0.151492
-0.151312
-0.149051
-0.146487
-0.140584
-0.135474
-0.138171
-0.143165
-0.139771
-0.128188
-0.119732
-0.122407
-0.130494
-0.130819
-0.119067
-0.106267
-0.105133
-0.112791
-0.114922
-0.106517
-0.095157
-0.089339
-0.091915
-0.099112
-0.103053
-0.099254
-0.092315
-0.090126
-0.092708
-0.093007
-0.088911
-0.085981
-0.087471
-0.090691
-0.091560
-0.089879
-0.089913
-0.093776
-0.096532
-0.093286
-0.089456
-0.094533
-0.104143
-0.103182
-0.092841
-0.091161
-0.101480
-0.109519
-0.107333
-0.101817
-0.100560
-0.102752
-0.105335
-0.107957
-0.108991
-0.105256
-0.098779
-0.096058
-0.098718
-0.102082
-0.101946
-0.099817
-0.099469
-0.101079
-0.099641
-0.091316
-0.082569
-0.082974
-0.088243
-0.087309
-0.079316
-0.072312
-0.069382
-0.066666
-0.063219
-0.063404
-0.067653
-0.068767
-0.062228
-0.053240
-0.047628
-0.042740
-0.037086
-0.036504
-0.043478
-0.048542
-0.041653
-0.027555
-0.020545
-0.025390
-0.033023
-0.035453
-0.033669
-0.029180
-0.022597
-0.018997
-0.021383
-0.024949
-0.024646
-0.022528
-0.022080
-0.020918
-0.016335
-0.013529
-0.018433
-0.024933
-0.021854
-0.011257
-0.004946
-0.007516
-0.012058
-0.012066
-0.010202
-0.011564
-0.013430
-0.008874
0.000331
0.002956
-0.005821
-0.015278
-0.014107
-0.004225
0.003340
0.001671
-0.005538
-0.010001
-0.009355
-0.006525
-0.007176
-0.011530
-0.015614
-0.017428
-0.017279
-0.016066
-0.015827
-0.018829
-0.024040
-0.027149
-0.026438
-0.025936
-0.029597
-0.035516
-0.040130
-0.043364
-0.045433
-0.044972
-0.042299
-0.040817
-0.042991
-0.046862
-0.048733
-0.048224
-0.048019
-0.048853
-0.048173
-0.045876
-0.046080
-0.049747
-0.051149
-0.045573
-0.037191
-0.034379
-0.038474
-0.042180
-0.040155
-0.035955
-0.034820
-0.034874
-0.032336
-0.029896
-0.031670
-0.035072
-0.033973
-0.028223
-0.024608
-0.027410
-0.032329
-0.032712
-0.028681
-0.026332
-0.029020
-0.033885
-0.036790
-0.036431
-0.034534
-0.033988
-0.036428
-0.040510
-0.042808
-0.041500
-0.039279
-0.039071
-0.042406
-0.046167
-0.048075
-0.048748
-0.048839
-0.047732
-0.046057
-0.046343
-0.049132
-0.051288
-0.050705
-0.049401
-0.049142
-0.049334
-0.050348
-0.052721
-0.053735
-0.050068
-0.044118
-0.042859
-0.048511
-0.054477
-0.053922
-0.049023
-0.046662
-0.047808
-0.048895
-0.048948
-0.050112
-0.052736
-0.054124
-0.052512
-0.049733
-0.048883
-0.050727
-0.053360
-0.054297
-0.052789
-0.050846
-0.050600
-0.051501
-0.051582
-0.050521
-0.049486
-0.048915
-0.048270
-0.047238
-0.045414
-0.042168
-0.039058
-0.039140
-0.040651
-0.038629
-0.033003
-0.028692
-0.027724
-0.026990
-0.024079
-0.020460
-0.017711
-0.015147
-0.012705
-0.011391
-0.008872
-0.004104
0.000686
0.002542
0.002679
0.004747
0.009171
0.013080
0.015359
0.017558
0.020153
0.022127
0.023290
0.024405
0.026358
0.029446
0.032805
0.034743
0.034495
0.033454
0.033778
0.035837
0.037908
0.038477
0.037988
0.037744
0.038045
0.038029
0.037216
0.036172
0.035501
0.035076
0.034675
0.034387
0.033955
0.032807
0.031238
0.029893
0.028904
0.028414
0.028522
0.028278
0.026398
0.023390
0.021422
0.021223
0.020828
0.018750
0.016485
0.015898
0.016493
0.016511
0.014926
0.012194
0.009747
0.008651
0.008580
0.008274
0.007074
0.005426
0.003795
0.002148
0.000898
0.000594
0.000767
0.000537
-0.000775
-0.002510
-0.003468
-0.003416
-0.003376
-0.004392
-0.006242
-0.007748
-0.008009
-0.007226
-0.006556
-0.007035
-0.008525
-0.009816
-0.009904
-0.009063
-0.008427
-0.008633
-0.009336
-0.009894
-0.010003
-0.009739
-0.009394
-0.009149
-0.008968
-0.008784
-0.008601
-0.008328
-0.007865
-0.007501
-0.007689
-0.008042
-0.007604
-0.006449
-0.005586
-0.005421
-0.005373
-0.005012
-0.004672
-0.004651
-0.004575
-0.004009
-0.003256
-0.002934
-0.003076
-0.003143
-0.002790
-0.002209
-0.001855
-0.001893
-0.002035
-0.001917
-0.001535
-0.001207
-0.001160
-0.001274
-0.001302
-0.001206
-0.001104
-0.001016
-0.000858
-0.000691
-0.000565
-0.000614
-0.000735
-0.000764
-0.000697
-0.000609
-0.000484
-0.000356
-0.000381
-0.000605
-0.000827
-0.000808
-0.000572
-0.000373
-0.000388
-0.000521
-0.000574
-0.000515
-0.000482
-0.000497
-0.000456
-0.000351
-0.000301
-0.000358
-0.000431
-0.000440
-0.000405
-0.000361
-0.000293
-0.000219
-0.000221
-0.000285
-0.000288
-0.000191
-0.000089
-0.000066
-0.000099
-0.000119
-0.000102
-0.000072
-0.000051
-0.000039
-0.000028
-0.000016
0.000000
0.000017
0.000027
0.000030
0.000032
0.000036
0.000038
0.000036
0.000032
0.000029
0.000028
0.000024
0.000019
0.000014
0.000012
0.000008
0.000005
0.000002
0.000001
