-1.080106
0.604630
4.441692
-12.641308
9.166154
-2.086137
5.983566
-5.929172
0.118959
-4.605426
9.532642
-3.416887
-1.448179
2.051540
-1.049089
-0.226445
-0.475588
0.379103
0.397751
0.177466
-0.661841
0.265355
0.094628
-0.339924
0.247847
-0.029313
-0.090490
0.099872
-0.013526
-0.068873
0.090015
-0.009257
0.019516
-0.067138
0.028656
0.039254
-0.071611
-0.000633
0.082953
-0.141025
0.068762
0.096401
-0.090721
0.043507
-0.030566
0.071151
-0.112026
-0.019638
0.116245
-0.176148
0.213907
-0.094796
0.024613
-0.025369
-0.021054
0.103287
-0.141992
0.042086
0.131206
-0.228190
0.135420
-0.016553
0.035494
0.035511
-0.176383
0.177906
-0.126384
0.057605
0.006755
-0.008722
-0.001438
-0.015169
0.048905
-0.027643
-0.047705
0.076222
-0.023236
-0.039194
0.042176
-0.033988
0.006828
0.000214
0.093963
-0.087337
-0.042940
0.095328
-0.078556
0.044483
-0.089688
0.165545
-0.089676
-0.003533
-0.009194
0.015567
0.001670
-0.001731
-0.000937
0.000833
-0.003676
0.003531
-0.000580
-0.002107
0.005725
-0.003464
0.000468
-0.003192
0.002444
0.000654
0.000573
-0.001473
-0.000453
0.002418
-0.001261
0.006495
-0.012592
-0.006138
-0.014360
0.060991
0.011661
-0.039041
-0.077047
0.087422
-0.024850
0.017634
-0.008504
0.005884
-0.016789
0.001237
0.003287
0.010076
-0.008821
0.004384
-0.000401
-0.003812
0.004398
-0.001600
0.002859
-0.005491
0.003926
-0.001662
0.001332
-0.001520
-0.000119
0.002025
-0.002056
0.002725
-0.008170
0.007709
0.002955
-0.003771
-0.005362
0.007633
-0.004117
0.001336
0.004057
-0.007273
0.006047
-0.004127
0.002341
-0.001028
-0.002037
0.002033
-0.001471
0.002790
-0.002013
-0.002139
0.004796
-0.001603
0.002394
-0.006065
0.005120
-0.001503
0.000202
-0.003090
0.002194
0.004357
-0.020843
0.018508
-0.005813
0.026917
-0.025190
-0.009258
0.036547
-0.036729
0.019064
-0.062747
0.081730
-0.031688
0.027635
0.005992
-0.058907
0.051106
-0.038195
0.019964
-0.021564
0.040811
-0.032888
0.021813
-0.029795
0.039457
-0.022981
-0.009617
0.051021
-0.068927
0.043156
-0.035575
0.033512
-0.008131
-0.010159
0.021388
-0.009812
-0.015351
0.017440
-0.009444
-0.001183
0.000857
0.006318
0.007568
-0.019818
0.033549
-0.055095
0.047998
-0.018039
0.001799
-0.011664
0.026295
-0.012007
-0.014399
0.013744
-0.003946
0.001824
-0.000746
0.000979
-0.001804
0.001002
0.000150
0.001066
-0.001811
0.000278
0.003628
-0.000933
-0.004910
0.000598
0.005252
-0.004216
-0.001835
0.004945
-0.000965
-0.002367
0.000490
0.000655
0.000752
-0.000325
-0.001841
0.000793
0.007683
-0.009531
0.001911
0.002513
-0.009518
0.014475
-0.006963
-0.000341
-0.000106
0.001682
-0.004218
0.001348
0.005392
-0.003936
0.001850
-0.001494
-0.000314
0.000113
0.000821
-0.001087
0.000964
0.000351
-0.005424
0.007974
-0.002585
-0.000203
-0.001475
0.000501
0.000395
0.001289
-0.002788
0.002190
-0.000935
0.000998
-0.000788
0.000081
0.000276
-0.000937
-0.000765
0.002806
0.002755
-0.011462
0.010421
-0.004709
0.002745
0.003315
-0.008223
0.003593
0.001396
-0.000860
-0.005482
0.012467
-0.010098
0.001913
-0.000569
0.003754
-0.004766
0.008134
-0.009462
0.004232
-0.000403
-0.000076
-0.000182
0.001127
-0.002980
-0.000418
0.008044
-0.008154
0.002319
-0.000012
-0.000456
0.002859
-0.004328
0.005754
-0.005985
0.002698
0.000090
-0.000319
-0.000339
-0.000004
0.000845
-0.000441
-0.000194
-0.000657
0.001170
-0.000446
-0.001356
0.003506
-0.002926
0.001342
-0.001918
0.002241
-0.000769
0.000236
-0.000574
-0.000195
0.000845
-0.000550
0.000211
-0.000340
0.000594
-0.000577
-0.000953
0.002883
-0.002190
0.001269
-0.002159
0.002036
-0.000485
-0.000052
-0.000167
-0.000322
0.000731
-0.000496
0.000363
-0.000490
0.000469
-0.000450
-0.000797
0.002563
-0.001751
0.000868
-0.002070
0.001699
0.000972
-0.001663
0.000245
-0.000089
0.000164
0.000427
-0.000126
-0.000586
0.000560
0.000391
-0.002705
0.004130
-0.002292
0.000994
-0.002200
0.002355
-0.001019
0.000512
-0.000480
-0.000131
0.000562
-0.000346
0.000054
0.000249
0.000183
-0.001351
0.000066
0.002618
-0.002065
0.000805
-0.002036
0.002609
-0.001375
0.000652
-0.000497
-0.000116
0.000542
-0.000356
0.000234
-0.000269
0.000171
-0.000167
-0.000971
0.002744
-0.002042
0.000960
-0.002125
0.002473
-0.000816
-0.000005
-0.000286
-0.000009
0.000427
-0.000437
0.000436
-0.000343
0.000239
-0.000277
-0.000946
0.002677
-0.001960
0.000953
-0.002217
0.002666
-0.000896
-0.000112
-0.000148
-0.000024
0.000375
-0.000457
0.000463
-0.000249
0.000123
-0.000282
-0.000957
0.002803
-0.002036
0.000848
-0.001995
0.002433
-0.000769
-0.000111
-0.000095
-0.000347
0.000782
-0.000525
0.000362
-0.000192
-0.000059
-0.000095
-0.000898
0.002563
-0.002005
0.001072
-0.002217
0.002592
-0.000817
-0.000081
-0.000118
-0.000238
0.000560
-0.000545
0.000476
-0.000205
0.000016
-0.000178
-0.000900
0.002649
-0.001974
0.000820
-0.001988
0.002534
-0.000814
-0.000171
-0.000120
0.000011
0.000316
-0.000463
0.000479
-0.000153
-0.000160
-0.000051
-0.000950
0.002593
-0.002044
0.000896
-0.002018
0.002525
-0.000821
-0.000182
-0.000015
-0.000095
0.000466
-0.000467
0.000000
0.000000
0.000000
0.000000
0.000000
0.000000
0.000000
0.000000
0.000000
0.000000
0.000000
0.000000
0.000000
0.000000
0.000000
0.000000
0.000000
0.000000
0.000000
0.000000
0.000000
0.000000
0.000000
0.000000
0.000000
0.000000
0.000000
0.000000
0.000000
0.000000
0.000000
0.000000
0.000000
0.000000
0.000000
0.000000
0.000000
0.000000
0.000000
0.000000
0.000000
0.000000
0.000000
0.000000
0.000000
0.000000
0.000000
0.000000
0.000000
0.000000
0.000000
0.000000
0.000000
0.000000
0.000000
0.000000
0.000000
0.000000
0.000000
0.000000
0.000000
0.000000
0.000000
0.000000
0.000000
0.000000
0.000000
0.000000
0.000000
0.000000
0.000000
0.000000
0.000000
0.000000
0.000000
0.000000
0.000000
0.000000
0.000000
0.000000
0.000000
0.000000
0.000000
0.000000
0.000000
0.000000
0.000000
0.000000
0.000000
0.000000
0.000000
0.000000
0.000000
0.000000
0.000000
0.000000
0.000000
0.000000
0.000000
0.000000
0.000000
0.000000
0.000000
0.000000
0.000000
0.000000
0.000000
0.000000
0.000000
0.000000
0.000000
0.000000
0.000000
0.000000
0.000000
0.000000
0.000000
0.000000
0.000000
0.000000
0.000000
0.000000
0.000000
0.000000
0.000000
0.000000
0.000000
0.000000
0.000000
0.000000
0.000000
0.000000
0.000000
0.000000
0.000000
0.000000
0.000000
0.000000
0.000000
0.000000
0.000000
0.000000
0.000000
0.000000
0.000000
0.000000
0.000000
0.000000
0.000000
0.000000
0.000000
0.000000
0.000000
0.000000
0.000000
0.000000
0.000000
0.000000
0.000000
0.000000
0.000000
0.000000
0.000000
0.000000
0.000000
0.000000
0.000000
0.000000
0.000000
0.000000
0.000000
0.000000
0.000000
0.000000
0.000000
0.000000
0.000000
0.000000
0.000000
0.000000
0.000000
0.000000
0.000000
0.000000
0.000000
0.000000
0.000000
0.000000
0.000000
0.000000
0.000000
0.000000
0.000000
0.000000
0.000000
0.000000
0.000000
0.000000
0.000000
0.000000
0.000000
0.000000
0.000000
0.000000
0.000000
0.000000
0.000000
0.000000
0.000000
0.000000
0.000000
0.000000
0.000000
0.000000
0.000000
0.000000
0.000000
0.000000
0.000000
0.000000
0.000000
0.000000
0.000000
0.000000
0.000000
0.000000
0.000000
0.000000
0.000000
0.000000
0.000000
0.000000
0.000000
0.000000
0.000000
0.000000
0.000000
0.000000
0.000000
0.000000
0.000000
0.000000
0.000000
0.000000
0.000000
0.000000
0.000000
0.000000
0.000000
0.000000
0.000000
0.000000
0.000000
0.000000
0.000000
0.000000
0.000000
0.000000
0.000000
0.000000
0.000000
0.000000
0.000000
0.000000
0.000000
0.000000
0.000000
0.000000
0.000000
0.000000
0.000000
0.000000
0.000000
0.000000
0.000000
0.000000
0.000000
0.000000
0.000000
0.000000
0.000000
0.000000
0.000000
0.000000
0.000000
0.000000
0.000000
0.000000
0.000000
0.000000
0.000000
0.000000
0.000000
0.000000
0.000000
0.000000
0.000000
0.000000
0.000000
0.000000
0.000000
0.000000
0.000000
0.000000
0.000000
0.000000
0.000000
0.000000
0.000000
0.000000
0.000000
0.000000
0.000000
0.000000
0.000000
0.000000
0.000000
0.000000
0.000000
0.000000
0.000000
0.000000
0.000000
0.000000
0.000000
0.000000
0.000000
0.000000
0.000000
0.000000
0.000000
0.000000
0.000000
0.000000
0.000000
0.000000
0.000000
0.000000
0.000000
0.000000
0.000000
0.000000
0.000000
0.000000
0.000000
0.000000
0.000000
0.000000
0.000000
0.000000
0.000000
0.000000
0.000000
0.000000
0.000000
0.000000
0.000000
0.000000
0.000000
0.000000
0.000000
0.000000
0.000000
0.000000
0.000000
0.000000
0.000000
0.000000
0.000000
0.000000
0.000000
0.000000
0.000000
0.000000
0.000000
0.000000
0.000000
0.000000
0.000000
0.000000
0.000000
0.000000
0.000000
0.000000
0.000000
0.000000
0.000000
0.000000
0.000000
0.000000
0.000000
0.000000
0.000000
0.000000
0.000000
0.000000
0.000000
0.000000
0.000000
0.000000
0.000000
0.000000
0.000000
0.000000
0.000000
0.000000
0.000000
0.000000
0.000000
0.000000
0.000000
0.000000
0.000000
0.000000
0.000000
0.000000
0.000000
0.000000
0.000000
0.000000
0.000000
0.000000
0.000000
0.000000
0.000000
0.000000
0.000000
0.000000
0.000000
0.000000
0.000000
0.000000
0.000000
0.000000
0.000000
0.000000
0.000000
0.000000
0.000000
0.000000
0.000000
0.000000
0.000000
0.000000
0.000000
0.000000
0.000000
0.000000
0.000000
0.000000
0.000000
0.000000
0.000000
0.000000
0.000000
0.000000
0.000000
0.000000
0.000000
0.000000
0.000000
0.000000
0.000000
0.000000
0.000000
0.000000
0.000000
0.000000
0.000000
0.000000
0.000000
0.000000
0.000000
0.000000
0.000000
0.000000
0.000000
0.000000
0.000000
0.000000
0.000000
0.000000
0.000000
0.000000
0.000000
0.000000
0.000000
0.000000
0.000000
0.000000
0.000000
0.000000
0.000000
0.000000
0.000000
0.000000
0.000000
0.000000
0.000000
0.000000
0.000000
0.000000
0.000000
0.000000
0.000000
0.000000
0.000000
0.000000
0.000000
0.000000
0.000000
