0.000000
-0.061961
1.438091
-3.736027
2.825106
-1.629853
7.083709
-8.548035
3.407113
-10.579638
18.035128
-7.983816
0.951871
-2.746535
1.813108
0.626532
-2.494339
2.214281
-0.765537
1.081121
-1.313180
0.528352
-0.121573
0.096171
-0.095770
0.018394
0.096382
-0.070121
-0.041114
0.140029
-0.146262
0.047101
0.076406
-0.136040
0.006585
0.097864
-0.102652
0.075765
-0.038554
0.037265
0.004954
-0.066577
0.176880
-0.198223
0.002870
0.192861
-0.269153
0.052821
0.070537
0.258113
-0.304752
0.002426
0.124282
-0.097960
0.011059
0.016687
0.000036
-0.020775
0.046268
-0.018386
0.014052
-0.080951
0.257570
-0.304806
0.125945
-0.054475
0.043567
0.012853
-0.074454
0.099079
-0.029346
-0.006912
0.012533
-0.047536
0.021794
0.006436
0.005054
-0.005561
-0.012355
0.033299
-0.018691
-0.051000
0.126591
-0.087375
-0.002176
0.010052
-0.019485
0.068606
-0.054619
0.033762
-0.069314
0.067411
-0.030487
-0.003293
0.016699
-0.004417
0.000050
-0.001259
-0.001604
0.001151
0.002347
-0.000399
-0.003550
0.000161
0.002077
0.002792
-0.005490
0.004155
-0.002556
0.002326
-0.002987
0.001659
0.000138
0.002229
0.004002
-0.028778
0.034890
-0.028107
0.077980
-0.146528
0.112886
-0.088591
0.081945
0.044157
-0.084693
0.043396
-0.063617
0.055883
-0.044793
0.036611
0.001483
-0.008955
0.000041
0.000163
-0.005564
0.005029
-0.000787
0.004384
-0.008114
0.002065
0.001114
0.000067
0.000267
-0.000453
0.001890
-0.002736
0.000266
-0.000973
0.006339
-0.003367
-0.008219
0.006843
0.001142
0.005892
-0.012655
0.003874
0.005365
-0.005036
0.001475
0.005068
-0.007324
0.002796
-0.001819
0.001463
0.001127
0.000123
-0.003211
0.003620
-0.001925
0.002022
-0.004278
0.002162
-0.002558
-0.000282
0.001196
0.003261
0.002751
0.005224
-0.006199
-0.016714
0.033079
-0.026125
-0.005560
0.007385
0.006302
-0.004544
0.018604
0.019079
-0.084059
0.074970
-0.050449
0.038715
-0.019605
0.008895
-0.012693
0.000440
0.033603
-0.035320
0.021639
-0.012481
0.002945
-0.016522
0.000814
0.036696
-0.027060
0.015061
-0.019794
0.012504
-0.006660
0.016706
-0.029857
0.025171
-0.023987
0.033401
-0.024581
-0.003037
0.029472
-0.022942
0.006807
-0.031033
0.033009
0.021389
-0.052255
0.036840
-0.001631
-0.004294
-0.016129
0.005726
0.014226
-0.019016
0.011549
0.000526
-0.003172
0.003720
-0.004629
0.001856
0.001108
-0.002692
0.002849
0.000583
-0.005112
-0.001882
0.006859
0.000117
-0.000404
-0.000786
-0.003280
0.005634
-0.004092
0.002329
-0.003255
0.001599
0.001182
-0.003334
0.001918
0.002992
-0.002115
-0.000536
0.002206
-0.009334
0.016172
-0.021752
0.030043
-0.021539
0.005876
-0.004545
-0.000017
0.005393
-0.003078
-0.001256
0.003521
-0.001284
0.000281
-0.000620
-0.000598
0.001680
-0.002910
0.005070
-0.004453
0.001840
-0.001086
0.002322
-0.002797
0.000866
0.001403
-0.001563
0.000126
0.000044
0.000710
-0.000510
-0.000499
0.000524
-0.000348
0.001309
-0.002527
0.002421
-0.002308
0.002666
0.002519
-0.006124
0.003906
-0.004801
0.005278
-0.002619
0.000390
0.000663
0.000382
-0.002183
0.000945
0.001185
-0.002047
0.004465
-0.005356
0.003579
-0.002856
0.001095
0.000853
-0.001041
0.001630
-0.005283
0.008793
-0.004301
-0.002601
0.003190
-0.000522
-0.000015
-0.002421
0.005547
-0.006069
0.004408
-0.002883
0.000822
0.000695
-0.001008
0.000901
-0.000339
0.000072
-0.000066
-0.000651
0.001162
-0.000549
0.000042
-0.000303
0.000061
0.001396
-0.001037
-0.000955
0.000357
0.001223
-0.001171
0.000535
0.000005
0.000157
-0.000337
-0.000607
0.001237
-0.000686
0.000150
-0.000611
0.001015
-0.000222
0.000616
-0.001703
0.000582
0.000815
-0.001008
0.000646
-0.000227
0.000258
-0.000120
-0.000722
0.001246
-0.000787
0.000252
-0.000623
0.001105
-0.000409
0.000764
-0.001687
0.000543
0.000824
-0.001800
0.001711
-0.000571
0.000620
-0.000781
-0.000386
0.001316
-0.000922
0.000128
-0.000087
0.000608
-0.000260
0.000614
-0.001864
0.001224
0.000304
-0.001007
0.000775
-0.000236
0.000346
-0.000438
0.000151
-0.000227
0.000179
-0.000013
-0.000231
0.000573
-0.000089
0.000770
-0.002392
0.001794
-0.000105
-0.000803
0.000644
-0.000063
0.000210
-0.000346
-0.000389
0.000900
-0.000580
0.000004
-0.000109
0.000669
-0.000141
0.000350
-0.001396
0.000553
0.000753
-0.001105
0.000753
-0.000180
0.000196
-0.000166
-0.000576
0.000973
-0.000626
0.000116
-0.000119
0.000544
-0.000051
0.000233
-0.001211
0.000523
0.000708
-0.001209
0.000862
-0.000127
0.000068
-0.000156
-0.000474
0.000976
-0.000654
-0.000043
0.000065
0.000532
-0.000125
0.000307
-0.001268
0.000569
0.000571
-0.000999
0.000687
-0.000044
0.000191
-0.000321
-0.000459
0.000923
-0.000507
-0.000182
0.000240
0.000392
-0.000050
0.000054
-0.000957
0.000493
0.000612
-0.001047
0.000543
0.000125
0.000092
-0.000216
-0.000496
0.000877
-0.000473
-0.000321
0.000597
0.000108
0.000106
-0.000138
-0.000775
0.000405
0.000592
-0.000950
0.000449
0.000299
-0.000147
-0.000062
-0.000597
0.001005
-0.000578
-0.000241
0.000565
0.000205
0.000050
-0.000144
-0.000766
0.000378
0.000600
-0.000936
0.000537
0.000091
0.000000
0.000000
0.000000
0.000000
0.000000
0.000000
0.000000
0.000000
0.000000
0.000000
0.000000
0.000000
0.000000
0.000000
0.000000
0.000000
0.000000
0.000000
0.000000
0.000000
0.000000
0.000000
0.000000
0.000000
0.000000
0.000000
0.000000
0.000000
0.000000
0.000000
0.000000
0.000000
0.000000
0.000000
0.000000
0.000000
0.000000
0.000000
0.000000
0.000000
0.000000
0.000000
0.000000
0.000000
0.000000
0.000000
0.000000
0.000000
0.000000
0.000000
0.000000
0.000000
0.000000
0.000000
0.000000
0.000000
0.000000
0.000000
0.000000
0.000000
0.000000
0.000000
0.000000
0.000000
0.000000
0.000000
0.000000
0.000000
0.000000
0.000000
0.000000
0.000000
0.000000
0.000000
0.000000
0.000000
0.000000
0.000000
0.000000
0.000000
0.000000
0.000000
0.000000
0.000000
0.000000
0.000000
0.000000
0.000000
0.000000
0.000000
0.000000
0.000000
0.000000
0.000000
0.000000
0.000000
0.000000
0.000000
0.000000
0.000000
0.000000
0.000000
0.000000
0.000000
0.000000
0.000000
0.000000
0.000000
0.000000
0.000000
0.000000
0.000000
0.000000
0.000000
0.000000
0.000000
0.000000
0.000000
0.000000
0.000000
0.000000
0.000000
0.000000
0.000000
0.000000
0.000000
0.000000
0.000000
0.000000
0.000000
0.000000
0.000000
0.000000
0.000000
0.000000
0.000000
0.000000
0.000000
0.000000
0.000000
0.000000
0.000000
0.000000
0.000000
0.000000
0.000000
0.000000
0.000000
0.000000
0.000000
0.000000
0.000000
0.000000
0.000000
0.000000
0.000000
0.000000
0.000000
0.000000
0.000000
0.000000
0.000000
0.000000
0.000000
0.000000
0.000000
0.000000
0.000000
0.000000
0.000000
0.000000
0.000000
0.000000
0.000000
0.000000
0.000000
0.000000
0.000000
0.000000
0.000000
0.000000
0.000000
0.000000
0.000000
0.000000
0.000000
0.000000
0.000000
0.000000
0.000000
0.000000
0.000000
0.000000
0.000000
0.000000
0.000000
0.000000
0.000000
0.000000
0.000000
0.000000
0.000000
0.000000
0.000000
0.000000
0.000000
0.000000
0.000000
0.000000
0.000000
0.000000
0.000000
0.000000
0.000000
0.000000
0.000000
0.000000
0.000000
0.000000
0.000000
0.000000
0.000000
0.000000
0.000000
0.000000
0.000000
0.000000
0.000000
0.000000
0.000000
0.000000
0.000000
0.000000
0.000000
0.000000
0.000000
0.000000
0.000000
0.000000
0.000000
0.000000
0.000000
0.000000
0.000000
0.000000
0.000000
0.000000
0.000000
0.000000
0.000000
0.000000
0.000000
0.000000
0.000000
0.000000
0.000000
0.000000
0.000000
0.000000
0.000000
0.000000
0.000000
0.000000
0.000000
0.000000
0.000000
0.000000
0.000000
0.000000
0.000000
0.000000
0.000000
0.000000
0.000000
0.000000
0.000000
0.000000
0.000000
0.000000
0.000000
0.000000
0.000000
0.000000
0.000000
0.000000
0.000000
0.000000
0.000000
0.000000
0.000000
0.000000
0.000000
0.000000
0.000000
0.000000
0.000000
0.000000
0.000000
0.000000
0.000000
0.000000
0.000000
0.000000
0.000000
0.000000
0.000000
0.000000
0.000000
0.000000
0.000000
0.000000
0.000000
0.000000
0.000000
0.000000
0.000000
0.000000
0.000000
0.000000
0.000000
0.000000
0.000000
0.000000
0.000000
0.000000
0.000000
0.000000
0.000000
0.000000
0.000000
0.000000
0.000000
0.000000
0.000000
0.000000
0.000000
0.000000
0.000000
0.000000
0.000000
0.000000
0.000000
0.000000
0.000000
0.000000
0.000000
0.000000
0.000000
0.000000
0.000000
0.000000
0.000000
0.000000
0.000000
0.000000
0.000000
0.000000
0.000000
0.000000
0.000000
0.000000
0.000000
0.000000
0.000000
0.000000
0.000000
0.000000
0.000000
0.000000
0.000000
0.000000
0.000000
0.000000
0.000000
0.000000
0.000000
0.000000
0.000000
0.000000
0.000000
0.000000
0.000000
0.000000
0.000000
0.000000
0.000000
0.000000
0.000000
0.000000
0.000000
0.000000
0.000000
0.000000
0.000000
0.000000
0.000000
0.000000
0.000000
0.000000
0.000000
0.000000
0.000000
0.000000
0.000000
0.000000
0.000000
0.000000
0.000000
0.000000
0.000000
0.000000
0.000000
0.000000
0.000000
0.000000
0.000000
0.000000
0.000000
0.000000
0.000000
0.000000
0.000000
0.000000
0.000000
0.000000
0.000000
0.000000
0.000000
0.000000
0.000000
0.000000
0.000000
0.000000
0.000000
0.000000
0.000000
0.000000
0.000000
0.000000
0.000000
0.000000
0.000000
0.000000
0.000000
0.000000
0.000000
0.000000
0.000000
0.000000
0.000000
0.000000
0.000000
0.000000
0.000000
0.000000
0.000000
0.000000
0.000000
0.000000
0.000000
0.000000
0.000000
0.000000
0.000000
0.000000
0.000000
0.000000
0.000000
0.000000
0.000000
0.000000
0.000000
0.000000
0.000000
0.000000
0.000000
0.000000
0.000000
0.000000
0.000000
0.000000
0.000000
0.000000
0.000000
0.000000
0.000000
0.000000
0.000000
0.000000
0.000000
0.000000
0.000000
0.000000
0.000000
0.000000
0.000000
0.000000
0.000000
0.000000
0.000000
0.000000
0.000000
0.000000
0.000000
0.000000
0.000000
0.000000
0.000000
0.000000
0.000000
0.000000
0.000000
