-10.035647
10.601653
-3.569566
-3.878237
2.190974
-11.235868
18.425406
-7.358239
5.898162
-8.622067
0.761065
-2.414124
7.827340
-3.587188
0.428613
-0.548495
0.324277
-0.482141
-0.212154
0.271954
1.198560
-1.407434
0.121676
0.984116
-0.896202
0.183959
0.141196
-0.196686
0.022732
0.036694
0.010172
-0.034408
0.087305
-0.069743
0.005226
0.009108
0.034146
-0.007443
-0.017389
-0.025298
-0.001852
-0.001448
0.034691
0.024906
-0.088424
0.061056
-0.012948
-0.016675
0.013635
-0.001516
0.040272
-0.059689
0.016368
0.041223
-0.040094
0.000755
-0.024188
0.064920
0.013368
-0.070822
-0.008615
0.053556
-0.024216
-0.009391
-0.028178
0.067801
-0.013648
-0.036663
-0.020299
0.078999
-0.037694
0.054397
-0.122111
0.083570
-0.080006
0.171642
-0.103124
0.076764
-0.226526
0.217646
-0.019210
-0.113667
0.036855
0.041452
-0.007265
-0.022429
0.003407
0.041048
-0.054864
0.002005
0.077757
-0.073257
0.003676
0.005603
0.019071
0.025809
-0.035815
0.019819
-0.053744
0.067202
-0.119924
0.127712
0.013327
-0.151077
0.164191
-0.099904
-0.006957
0.005952
0.007590
0.079829
-0.052641
-0.017063
0.044520
-0.028874
-0.011809
-0.024419
-0.022327
0.149650
-0.061160
0.016812
-0.143904
0.230733
-0.253105
0.086646
0.034880
0.024080
0.020792
-0.021096
-0.215849
0.301655
-0.062074
-0.019462
-0.043292
0.034351
-0.138093
0.154153
0.030666
-0.091809
0.004866
-0.052184
0.301424
-0.460586
0.224125
0.013448
-0.008879
-0.131549
0.404986
-0.454632
0.343157
-0.213886
-0.029790
0.134631
0.004880
-0.135783
0.082256
0.119077
-0.305322
0.264121
-0.035690
-0.059941
-0.074088
0.058678
0.306428
-0.471242
0.085909
0.181987
0.017736
-0.185083
-0.007525
0.246132
-0.099103
-0.018828
-0.149066
0.139774
0.086413
-0.190454
-0.015050
0.103002
0.095039
-0.181385
0.224340
-0.183064
-0.038804
0.114468
0.074122
-0.112268
-0.000793
-0.023724
0.014149
-0.011324
0.009857
0.084789
0.013793
-0.162224
0.052788
0.017463
-0.013533
0.135861
-0.209689
0.012201
0.355127
-0.393247
0.118578
0.002383
-0.063791
0.130423
-0.049311
-0.105275
0.255895
-0.306227
0.163553
-0.024685
0.009631
0.059610
-0.140568
0.113972
-0.074036
0.084797
-0.115697
0.142602
-0.103673
0.002306
0.026270
-0.006248
0.004960
-0.010123
-0.017285
0.105750
-0.108806
0.023935
0.024463
-0.011749
-0.052906
0.056140
-0.008006
0.055403
-0.107545
0.108205
-0.057274
-0.160427
0.262895
-0.110978
0.046351
-0.114713
0.112959
-0.030638
-0.026912
0.030590
-0.030125
0.073945
-0.129702
0.168014
-0.154198
0.030950
0.050003
-0.012381
0.024928
-0.039056
-0.029685
-0.013310
0.132355
-0.068483
0.020227
-0.015344
-0.076723
0.053039
-0.001967
-0.005988
0.035325
0.002010
-0.097780
0.134799
-0.044995
-0.031852
0.028691
-0.052074
0.050009
-0.000046
-0.049930
0.061647
-0.051972
0.057237
-0.040864
0.046019
-0.046132
0.012158
0.003196
-0.003623
-0.002350
0.004977
-0.000173
0.003358
-0.010397
0.011046
-0.007129
0.000520
0.003654
-0.007394
0.009310
-0.005485
0.002777
-0.003736
0.005303
-0.001016
-0.005952
0.005755
-0.003531
0.005110
-0.004557
-0.001563
0.004964
-0.002386
0.001079
-0.005019
0.008863
-0.006395
0.004174
-0.003359
0.001680
-0.000493
-0.004952
0.009151
-0.009628
0.010341
-0.003214
-0.007046
0.008967
-0.005613
-0.001506
0.005269
-0.000848
-0.004016
0.003588
0.000660
-0.002629
0.001369
-0.000318
0.003234
-0.006003
0.005599
-0.006827
0.007019
0.002608
-0.007304
-0.000931
0.000971
0.001590
0.000520
-0.001044
0.001053
0.000230
0.003583
-0.010107
0.008772
-0.001704
-0.002164
0.000091
-0.000247
0.002291
0.000691
-0.006039
0.005189
0.002687
-0.006886
0.005548
-0.002145
-0.001573
0.004439
-0.005807
0.004434
-0.002613
0.001933
-0.001422
-0.000487
0.002557
-0.001044
-0.002422
0.001206
0.002471
-0.003572
0.003151
-0.001302
-0.000920
0.002877
-0.003951
0.003119
-0.002457
0.002549
-0.001720
-0.000505
0.002723
-0.001592
-0.000996
-0.000921
0.003431
-0.002902
0.002057
-0.000889
-0.000379
0.002362
-0.004077
0.003145
-0.001924
0.001574
-0.001345
0.001384
0.000120
-0.000957
-0.000750
-0.000226
0.002616
-0.002349
0.001603
-0.000802
-0.000375
0.001882
-0.002983
0.001776
-0.000498
0.001159
-0.001643
0.000645
0.001157
-0.000834
-0.000875
-0.000583
0.002105
-0.001722
0.000872
0.000318
-0.000652
0.002184
-0.003581
0.002474
-0.001814
0.001706
0.000018
-0.002017
0.002367
-0.000515
-0.001298
0.000041
0.001354
-0.001076
0.000754
-0.000313
0.000022
0.001216
-0.002586
0.001939
-0.001468
0.001438
-0.000328
-0.000837
0.001660
-0.000611
-0.001193
-0.000252
0.001990
-0.001901
0.001377
-0.000161
-0.000744
0.002025
-0.003103
0.001920
-0.000954
0.001293
-0.001002
-0.000286
0.001628
-0.000682
-0.000914
-0.000607
0.002044
-0.001618
0.001096
-0.000024
-0.000957
0.002258
-0.003084
0.001604
-0.000830
0.001162
-0.000546
-0.000574
0.001847
-0.000805
-0.000890
-0.000921
0.002063
-0.000815
0.000116
0.000259
-0.000611
0.001629
-0.002797
0.002045
-0.001205
0.000877
0.000020
-0.000999
0.001648
-0.000549
-0.000606
-0.001203
0.002185
-0.001276
0.000049
0.000914
-0.000787
0.001751
-0.003081
0.000000
0.000000
0.000000
0.000000
0.000000
0.000000
0.000000
0.000000
0.000000
0.000000
0.000000
0.000000
0.000000
0.000000
0.000000
0.000000
0.000000
0.000000
0.000000
0.000000
0.000000
0.000000
0.000000
0.000000
0.000000
0.000000
0.000000
0.000000
0.000000
0.000000
0.000000
0.000000
0.000000
0.000000
0.000000
0.000000
0.000000
0.000000
0.000000
0.000000
0.000000
0.000000
0.000000
0.000000
0.000000
0.000000
0.000000
0.000000
0.000000
0.000000
0.000000
0.000000
0.000000
0.000000
0.000000
0.000000
0.000000
0.000000
0.000000
0.000000
0.000000
0.000000
0.000000
0.000000
0.000000
0.000000
0.000000
0.000000
0.000000
0.000000
0.000000
0.000000
0.000000
0.000000
0.000000
0.000000
0.000000
0.000000
0.000000
0.000000
0.000000
0.000000
0.000000
0.000000
0.000000
0.000000
0.000000
0.000000
0.000000
0.000000
0.000000
0.000000
0.000000
0.000000
0.000000
0.000000
0.000000
0.000000
0.000000
0.000000
0.000000
0.000000
0.000000
0.000000
0.000000
0.000000
0.000000
0.000000
0.000000
0.000000
0.000000
0.000000
0.000000
0.000000
0.000000
0.000000
0.000000
0.000000
0.000000
0.000000
0.000000
0.000000
0.000000
0.000000
0.000000
0.000000
0.000000
0.000000
0.000000
0.000000
0.000000
0.000000
0.000000
0.000000
0.000000
0.000000
0.000000
0.000000
0.000000
0.000000
0.000000
0.000000
0.000000
0.000000
0.000000
0.000000
0.000000
0.000000
0.000000
0.000000
0.000000
0.000000
0.000000
0.000000
0.000000
0.000000
0.000000
0.000000
0.000000
0.000000
0.000000
0.000000
0.000000
0.000000
0.000000
0.000000
0.000000
0.000000
0.000000
0.000000
0.000000
0.000000
0.000000
0.000000
0.000000
0.000000
0.000000
0.000000
0.000000
0.000000
0.000000
0.000000
0.000000
0.000000
0.000000
0.000000
0.000000
0.000000
0.000000
0.000000
0.000000
0.000000
0.000000
0.000000
0.000000
0.000000
0.000000
0.000000
0.000000
0.000000
0.000000
0.000000
0.000000
0.000000
0.000000
0.000000
0.000000
0.000000
0.000000
0.000000
0.000000
0.000000
0.000000
0.000000
0.000000
0.000000
0.000000
0.000000
0.000000
0.000000
0.000000
0.000000
0.000000
0.000000
0.000000
0.000000
0.000000
0.000000
0.000000
0.000000
0.000000
0.000000
0.000000
0.000000
0.000000
0.000000
0.000000
0.000000
0.000000
0.000000
0.000000
0.000000
0.000000
0.000000
0.000000
0.000000
0.000000
0.000000
0.000000
0.000000
0.000000
0.000000
0.000000
0.000000
0.000000
0.000000
0.000000
0.000000
0.000000
0.000000
0.000000
0.000000
0.000000
0.000000
0.000000
0.000000
0.000000
0.000000
0.000000
0.000000
0.000000
0.000000
0.000000
0.000000
0.000000
0.000000
0.000000
0.000000
0.000000
0.000000
0.000000
0.000000
0.000000
0.000000
0.000000
0.000000
0.000000
0.000000
0.000000
0.000000
0.000000
0.000000
0.000000
0.000000
0.000000
0.000000
0.000000
0.000000
0.000000
0.000000
0.000000
0.000000
0.000000
0.000000
0.000000
0.000000
0.000000
0.000000
0.000000
0.000000
0.000000
0.000000
0.000000
0.000000
0.000000
0.000000
0.000000
0.000000
0.000000
0.000000
0.000000
0.000000
0.000000
0.000000
0.000000
0.000000
0.000000
0.000000
0.000000
0.000000
0.000000
0.000000
0.000000
0.000000
0.000000
0.000000
0.000000
0.000000
0.000000
0.000000
0.000000
0.000000
0.000000
0.000000
0.000000
0.000000
0.000000
0.000000
0.000000
0.000000
0.000000
0.000000
0.000000
0.000000
0.000000
0.000000
0.000000
0.000000
0.000000
0.000000
0.000000
0.000000
0.000000
0.000000
0.000000
0.000000
0.000000
0.000000
0.000000
0.000000
0.000000
0.000000
0.000000
0.000000
0.000000
0.000000
0.000000
0.000000
0.000000
0.000000
0.000000
0.000000
0.000000
0.000000
0.000000
0.000000
0.000000
0.000000
0.000000
0.000000
0.000000
0.000000
0.000000
0.000000
0.000000
0.000000
0.000000
0.000000
0.000000
0.000000
0.000000
0.000000
0.000000
0.000000
0.000000
0.000000
0.000000
0.000000
0.000000
0.000000
0.000000
0.000000
0.000000
0.000000
0.000000
0.000000
0.000000
0.000000
0.000000
0.000000
0.000000
0.000000
0.000000
0.000000
0.000000
0.000000
0.000000
0.000000
0.000000
0.000000
0.000000
0.000000
0.000000
0.000000
0.000000
0.000000
0.000000
0.000000
0.000000
0.000000
0.000000
0.000000
0.000000
0.000000
0.000000
0.000000
0.000000
0.000000
0.000000
0.000000
0.000000
0.000000
0.000000
0.000000
0.000000
0.000000
0.000000
0.000000
0.000000
0.000000
0.000000
0.000000
0.000000
0.000000
0.000000
0.000000
0.000000
0.000000
0.000000
0.000000
0.000000
0.000000
0.000000
0.000000
0.000000
0.000000
0.000000
0.000000
0.000000
0.000000
0.000000
0.000000
0.000000
0.000000
0.000000
0.000000
0.000000
0.000000
0.000000
0.000000
0.000000
0.000000
0.000000
0.000000
0.000000
0.000000
0.000000
0.000000
0.000000
0.000000
0.000000
0.000000
0.000000
0.000000
0.000000
0.000000
0.000000
0.000000
0.000000
0.000000
0.000000
