0.000000
-14.661810
7.949722
-1.524529
1.365100
1.357479
-3.529154
1.737280
-0.076310
-0.181785
0.814026
1.687702
-4.115546
2.102674
-0.637614
0.717222
-0.214032
-0.988256
1.272733
-0.554179
1.811087
-2.401014
0.892714
-0.271255
0.291808
-0.180334
-0.132814
0.231254
0.007846
-0.030217
-0.043909
0.035176
0.071719
-0.074008
0.006069
0.009981
-0.080471
0.080230
-0.014791
-0.014137
-0.013658
0.065824
-0.019673
-0.059913
0.077042
-0.041411
0.010897
-0.007406
0.005629
0.010790
-0.014366
-0.007832
0.020685
-0.005040
-0.027204
0.035486
0.024681
-0.057984
0.065405
-0.143323
0.133728
-0.038523
0.002933
-0.009800
0.101056
-0.143873
0.038933
-0.035717
0.058115
0.027378
-0.013602
-0.009272
-0.079644
0.054410
0.063594
0.016995
-0.215650
0.256664
-0.139140
0.044973
-0.025300
-0.040529
0.019787
0.048983
-0.027783
0.069422
-0.063024
0.009141
-0.005857
-0.013705
0.058126
-0.088894
0.051982
-0.017158
0.055986
-0.060202
-0.048013
0.140011
-0.117191
0.032890
-0.081662
0.259498
-0.275205
0.040015
0.120509
-0.137689
0.141088
-0.073850
0.063220
-0.041181
0.006288
-0.005542
-0.048682
0.064875
-0.032385
-0.058664
0.130320
-0.050544
-0.064754
0.164295
-0.140856
0.055384
-0.082845
0.014797
0.025959
0.014851
-0.006727
-0.001215
0.067155
-0.023760
-0.121953
0.109954
0.000888
-0.034035
-0.146352
0.381230
-0.290624
-0.036173
0.283203
-0.188520
-0.235263
0.421940
-0.192749
-0.029871
-0.002186
0.223107
-0.294367
0.165532
-0.217078
0.190501
0.094986
-0.127547
-0.140840
0.193877
-0.014376
-0.004451
0.083192
-0.188305
0.063345
0.153404
-0.297680
0.177452
-0.012432
-0.174310
0.262924
0.024168
-0.067038
-0.016936
-0.002545
-0.137424
0.101480
-0.218690
0.488487
-0.363061
0.194273
-0.184460
0.085426
0.103955
-0.206084
0.280784
-0.353568
0.204198
0.105159
-0.202562
0.089754
-0.058228
-0.036181
0.112616
-0.078163
0.032304
-0.001346
0.147814
-0.210472
0.112301
-0.066686
0.046577
-0.020161
0.033197
0.003770
-0.064396
-0.029241
0.062637
0.039300
-0.022558
-0.151934
0.209264
-0.171483
0.249382
-0.169776
-0.137766
0.447080
-0.543954
0.301662
-0.045755
-0.087612
0.092414
0.119985
-0.190794
0.004490
0.129774
-0.080815
-0.031885
0.040663
-0.017331
0.018388
0.024033
-0.120870
0.134113
-0.024237
-0.027952
-0.009692
0.060104
-0.035314
0.006706
-0.006183
0.001639
-0.056582
0.021383
0.102513
-0.182229
0.179950
-0.017701
-0.118662
0.101254
-0.055552
-0.052699
0.154969
-0.122638
0.023755
0.007152
0.029957
-0.035983
-0.008273
0.053391
-0.007148
-0.024950
-0.001845
-0.061601
0.127650
-0.029175
-0.026120
-0.041983
0.035178
-0.025434
0.034165
-0.030414
0.022393
0.003854
0.041404
-0.099901
0.049393
0.054503
-0.087984
0.033725
-0.003712
-0.019951
0.060710
-0.071156
0.056012
0.010931
-0.060800
0.056366
-0.029710
-0.002503
0.014449
-0.010399
0.001695
-0.001263
0.002706
-0.000087
-0.001774
0.000732
0.002060
-0.000109
-0.002559
-0.001408
0.000057
0.006159
-0.003624
-0.002500
0.003629
0.000165
-0.003342
0.000578
0.003679
-0.002169
-0.002277
0.004614
-0.002996
0.004000
-0.008581
0.004772
-0.000558
0.001977
-0.000779
-0.000638
0.002227
-0.003259
-0.000285
0.002257
-0.001989
0.000505
0.007808
-0.009938
0.002040
0.001059
0.000875
-0.002801
0.001235
0.002412
-0.001344
-0.001338
0.000218
0.003242
-0.007838
0.008669
-0.001545
-0.003935
0.002621
-0.001354
0.001114
0.002297
-0.001193
-0.007829
0.005070
-0.000288
0.001955
0.001592
0.000346
-0.002166
-0.000066
-0.002063
0.001719
0.005477
-0.010755
0.005520
0.000988
-0.000780
0.003496
-0.007735
0.002946
0.004400
-0.005105
0.004383
-0.003930
0.002351
-0.003974
0.003557
-0.000213
0.000389
-0.001691
0.001782
-0.000868
0.000312
0.000329
-0.002244
-0.000635
0.004234
-0.001645
-0.000627
0.001717
-0.001997
-0.000308
0.000860
0.000761
-0.000769
-0.000956
0.002135
-0.001371
0.000951
-0.000513
-0.001924
0.000418
0.002607
-0.000939
-0.001033
0.002446
-0.002703
0.000273
0.000281
0.000932
-0.000436
-0.000974
0.002500
-0.002325
0.001742
-0.001327
-0.001910
0.001823
0.000990
-0.000157
-0.000570
0.000995
-0.001831
0.001025
-0.000311
0.000293
0.000366
-0.001177
0.001665
-0.001669
0.001793
-0.001109
-0.001132
-0.000525
0.001724
0.000946
-0.001136
0.001678
-0.002192
0.000162
0.000661
0.000048
-0.000120
-0.001271
0.003057
-0.002763
0.001446
-0.000045
-0.001936
0.000254
0.001637
0.000052
-0.000685
0.001311
-0.002165
0.001142
-0.000235
0.000107
0.000375
-0.001621
0.002917
-0.002362
0.001239
-0.000208
-0.001883
0.000575
0.001354
0.000020
-0.000384
0.001121
-0.002292
0.001461
-0.000577
0.000139
0.000672
-0.001685
0.002541
-0.002088
0.001369
-0.000365
-0.001835
0.000623
0.001086
0.000226
-0.000799
0.001873
-0.002648
0.001372
-0.000401
0.000173
0.000382
-0.001537
0.002577
-0.001979
0.001075
-0.000061
-0.001716
-0.000536
0.002348
0.000169
-0.001287
0.001827
-0.002362
0.001096
-0.000122
0.000238
-0.000002
-0.001067
0.002169
-0.001612
0.000583
0.000185
-0.001337
-0.000876
0.002232
0.000160
-0.001143
0.002023
-0.002723
0.001420
-0.000281
0.000000
0.000000
0.000000
0.000000
0.000000
0.000000
0.000000
0.000000
0.000000
0.000000
0.000000
0.000000
0.000000
0.000000
0.000000
0.000000
0.000000
0.000000
0.000000
0.000000
0.000000
0.000000
0.000000
0.000000
0.000000
0.000000
0.000000
0.000000
0.000000
0.000000
0.000000
0.000000
0.000000
0.000000
0.000000
0.000000
0.000000
0.000000
0.000000
0.000000
0.000000
0.000000
0.000000
0.000000
0.000000
0.000000
0.000000
0.000000
0.000000
0.000000
0.000000
0.000000
0.000000
0.000000
0.000000
0.000000
0.000000
0.000000
0.000000
0.000000
0.000000
0.000000
0.000000
0.000000
0.000000
0.000000
0.000000
0.000000
0.000000
0.000000
0.000000
0.000000
0.000000
0.000000
0.000000
0.000000
0.000000
0.000000
0.000000
0.000000
0.000000
0.000000
0.000000
0.000000
0.000000
0.000000
0.000000
0.000000
0.000000
0.000000
0.000000
0.000000
0.000000
0.000000
0.000000
0.000000
0.000000
0.000000
0.000000
0.000000
0.000000
0.000000
0.000000
0.000000
0.000000
0.000000
0.000000
0.000000
0.000000
0.000000
0.000000
0.000000
0.000000
0.000000
0.000000
0.000000
0.000000
0.000000
0.000000
0.000000
0.000000
0.000000
0.000000
0.000000
0.000000
0.000000
0.000000
0.000000
0.000000
0.000000
0.000000
0.000000
0.000000
0.000000
0.000000
0.000000
0.000000
0.000000
0.000000
0.000000
0.000000
0.000000
0.000000
0.000000
0.000000
0.000000
0.000000
0.000000
0.000000
0.000000
0.000000
0.000000
0.000000
0.000000
0.000000
0.000000
0.000000
0.000000
0.000000
0.000000
0.000000
0.000000
0.000000
0.000000
0.000000
0.000000
0.000000
0.000000
0.000000
0.000000
0.000000
0.000000
0.000000
0.000000
0.000000
0.000000
0.000000
0.000000
0.000000
0.000000
0.000000
0.000000
0.000000
0.000000
0.000000
0.000000
0.000000
0.000000
0.000000
0.000000
0.000000
0.000000
0.000000
0.000000
0.000000
0.000000
0.000000
0.000000
0.000000
0.000000
0.000000
0.000000
0.000000
0.000000
0.000000
0.000000
0.000000
0.000000
0.000000
0.000000
0.000000
0.000000
0.000000
0.000000
0.000000
0.000000
0.000000
0.000000
0.000000
0.000000
0.000000
0.000000
0.000000
0.000000
0.000000
0.000000
0.000000
0.000000
0.000000
0.000000
0.000000
0.000000
0.000000
0.000000
0.000000
0.000000
0.000000
0.000000
0.000000
0.000000
0.000000
0.000000
0.000000
0.000000
0.000000
0.000000
0.000000
0.000000
0.000000
0.000000
0.000000
0.000000
0.000000
0.000000
0.000000
0.000000
0.000000
0.000000
0.000000
0.000000
0.000000
0.000000
0.000000
0.000000
0.000000
0.000000
0.000000
0.000000
0.000000
0.000000
0.000000
0.000000
0.000000
0.000000
0.000000
0.000000
0.000000
0.000000
0.000000
0.000000
0.000000
0.000000
0.000000
0.000000
0.000000
0.000000
0.000000
0.000000
0.000000
0.000000
0.000000
0.000000
0.000000
0.000000
0.000000
0.000000
0.000000
0.000000
0.000000
0.000000
0.000000
0.000000
0.000000
0.000000
0.000000
0.000000
0.000000
0.000000
0.000000
0.000000
0.000000
0.000000
0.000000
0.000000
0.000000
0.000000
0.000000
0.000000
0.000000
0.000000
0.000000
0.000000
0.000000
0.000000
0.000000
0.000000
0.000000
0.000000
0.000000
0.000000
0.000000
0.000000
0.000000
0.000000
0.000000
0.000000
0.000000
0.000000
0.000000
0.000000
0.000000
0.000000
0.000000
0.000000
0.000000
0.000000
0.000000
0.000000
0.000000
0.000000
0.000000
0.000000
0.000000
0.000000
0.000000
0.000000
0.000000
0.000000
0.000000
0.000000
0.000000
0.000000
0.000000
0.000000
0.000000
0.000000
0.000000
0.000000
0.000000
0.000000
0.000000
0.000000
0.000000
0.000000
0.000000
0.000000
0.000000
0.000000
0.000000
0.000000
0.000000
0.000000
0.000000
0.000000
0.000000
0.000000
0.000000
0.000000
0.000000
0.000000
0.000000
0.000000
0.000000
0.000000
0.000000
0.000000
0.000000
0.000000
0.000000
0.000000
0.000000
0.000000
0.000000
0.000000
0.000000
0.000000
0.000000
0.000000
0.000000
0.000000
0.000000
0.000000
0.000000
0.000000
0.000000
0.000000
0.000000
0.000000
0.000000
0.000000
0.000000
0.000000
0.000000
0.000000
0.000000
0.000000
0.000000
0.000000
0.000000
0.000000
0.000000
0.000000
0.000000
0.000000
0.000000
0.000000
0.000000
0.000000
0.000000
0.000000
0.000000
0.000000
0.000000
0.000000
0.000000
0.000000
0.000000
0.000000
0.000000
0.000000
0.000000
0.000000
0.000000
0.000000
0.000000
0.000000
0.000000
0.000000
0.000000
0.000000
0.000000
0.000000
0.000000
0.000000
0.000000
0.000000
0.000000
0.000000
0.000000
0.000000
0.000000
0.000000
0.000000
0.000000
0.000000
0.000000
0.000000
0.000000
0.000000
0.000000
0.000000
0.000000
0.000000
0.000000
0.000000
0.000000
0.000000
0.000000
0.000000
0.000000
0.000000
0.000000
0.000000
0.000000
0.000000
0.000000
0.000000
0.000000
0.000000
0.000000
0.000000
0.000000
0.000000
0.000000
0.000000
0.000000
0.000000
0.000000
0.000000
0.000000
0.000000
0.000000
