100.714218
327.363708
75.939888
17.364908
6.663862
128.087494
351.950500
57.161819
34.794144
74.373093
1.241857
8.676331
78.204971
17.289158
0.590261
0.815254
0.150965
1.209109
1.664858
0.381073
4.716583
7.745740
0.811743
1.042063
0.888331
0.066362
0.037576
0.092164
0.000578
0.002260
0.002031
0.002421
0.012766
0.010341
0.000064
0.000183
0.007642
0.006492
0.000521
0.000840
0.000190
0.004335
0.001591
0.004210
0.013754
0.005443
0.000286
0.000333
0.000218
0.000119
0.001828
0.003624
0.000696
0.001725
0.002348
0.001260
0.001194
0.007577
0.004456
0.025557
0.017957
0.004352
0.000595
0.000184
0.011006
0.025296
0.001702
0.002620
0.003789
0.006990
0.001606
0.003045
0.021254
0.009944
0.010445
0.029750
0.057139
0.071769
0.070674
0.049392
0.001009
0.014563
0.001750
0.004118
0.000825
0.005322
0.003984
0.001769
0.003044
0.000192
0.009425
0.013269
0.002716
0.000326
0.003498
0.004290
0.003588
0.019996
0.016622
0.005598
0.021050
0.083650
0.075915
0.024425
0.041481
0.028939
0.019954
0.005489
0.004054
0.008069
0.002811
0.000322
0.004352
0.005042
0.001188
0.004038
0.017482
0.024950
0.007934
0.027275
0.040549
0.056305
0.070926
0.007726
0.001890
0.000800
0.000478
0.000447
0.051100
0.091560
0.018726
0.012469
0.001875
0.002338
0.040489
0.169099
0.085403
0.009737
0.080228
0.038263
0.146205
0.390173
0.087384
0.001073
0.000084
0.067082
0.250665
0.234091
0.164880
0.082038
0.009910
0.034394
0.019860
0.056025
0.006973
0.014199
0.100143
0.105219
0.005286
0.027126
0.094102
0.034932
0.094053
0.252453
0.076509
0.033703
0.004809
0.034542
0.000063
0.079466
0.020120
0.048180
0.260840
0.151350
0.045209
0.070299
0.007524
0.021416
0.051503
0.111740
0.175339
0.075209
0.012564
0.054134
0.013550
0.015995
0.001310
0.013245
0.006310
0.001172
0.000099
0.029038
0.044489
0.038928
0.007234
0.002474
0.000590
0.019560
0.043984
0.004296
0.126970
0.158566
0.015605
0.000515
0.027153
0.060801
0.031838
0.073274
0.094306
0.112754
0.226630
0.296495
0.091093
0.005647
0.027435
0.021530
0.019878
0.043593
0.013406
0.037176
0.017279
0.001022
0.002344
0.000339
0.000363
0.000680
0.014908
0.029169
0.012426
0.001354
0.000692
0.003750
0.004046
0.003197
0.000102
0.003072
0.014767
0.012166
0.013789
0.058944
0.101496
0.012629
0.016229
0.023411
0.015846
0.003716
0.024740
0.015976
0.001472
0.005519
0.017720
0.029524
0.023845
0.003809
0.002551
0.000776
0.000625
0.005320
0.017176
0.001028
0.018200
0.006452
0.001647
0.000882
0.007054
0.003738
0.000505
0.000051
0.002962
0.009984
0.012001
0.021141
0.009766
0.002152
0.000837
0.003110
0.006187
0.005063
0.005630
0.003920
0.006398
0.006453
0.002553
0.002124
0.002337
0.000256
0.000013
0.000015
0.000013
0.000025
0.000003
0.000012
0.000112
0.000122
0.000057
0.000002
0.000013
0.000093
0.000100
0.000036
0.000021
0.000014
0.000039
0.000001
0.000049
0.000038
0.000018
0.000047
0.000030
0.000018
0.000098
0.000028
0.000001
0.000029
0.000079
0.000041
0.000022
0.000022
0.000003
0.000005
0.000028
0.000084
0.000154
0.000206
0.000014
0.000051
0.000081
0.000039
0.000004
0.000034
0.000003
0.000018
0.000013
0.000011
0.000068
0.000077
0.000002
0.000026
0.000043
0.000033
0.000048
0.000055
0.000008
0.000115
0.000027
0.000001
0.000006
0.000003
0.000001
0.000006
0.000000
0.000017
0.000105
0.000107
0.000119
0.000035
0.000001
0.000001
0.000017
0.000060
0.000045
0.000046
0.000033
0.000067
0.000046
0.000010
0.000018
0.000032
0.000034
0.000020
0.000010
0.000007
0.000003
0.000000
0.000007
0.000006
0.000006
0.000019
0.000009
0.000013
0.000013
0.000006
0.000001
0.000009
0.000016
0.000010
0.000007
0.000011
0.000005
0.000001
0.000008
0.000006
0.000001
0.000008
0.000013
0.000009
0.000010
0.000008
0.000000
0.000006
0.000017
0.000010
0.000005
0.000009
0.000007
0.000005
0.000002
0.000005
0.000004
0.000001
0.000007
0.000006
0.000004
0.000004
0.000001
0.000004
0.000009
0.000003
0.000002
0.000004
0.000005
0.000004
0.000003
0.000002
0.000001
0.000003
0.000005
0.000004
0.000004
0.000005
0.000000
0.000005
0.000013
0.000006
0.000005
0.000012
0.000008
0.000006
0.000006
0.000004
0.000002
0.000003
0.000002
0.000002
0.000002
0.000005
0.000001
0.000002
0.000007
0.000004
0.000005
0.000011
0.000006
0.000002
0.000003
0.000004
0.000002
0.000002
0.000004
0.000004
0.000003
0.000005
0.000003
0.000004
0.000010
0.000004
0.000004
0.000008
0.000005
0.000002
0.000003
0.000004
0.000001
0.000002
0.000004
0.000003
0.000005
0.000007
0.000003
0.000005
0.000010
0.000003
0.000003
0.000008
0.000004
0.000001
0.000003
0.000004
0.000001
0.000006
0.000004
0.000002
0.000003
0.000006
0.000002
0.000003
0.000008
0.000004
0.000003
0.000005
0.000003
0.000001
0.000003
0.000002
0.000001
0.000006
0.000005
0.000003
0.000004
0.000008
0.000003
0.000003
0.000009
0.000000
0.000000
0.000000
0.000000
0.000000
0.000000
0.000000
0.000000
0.000000
0.000000
0.000000
0.000000
0.000000
0.000000
0.000000
0.000000
0.000000
0.000000
0.000000
0.000000
0.000000
0.000000
0.000000
0.000000
0.000000
0.000000
0.000000
0.000000
0.000000
0.000000
0.000000
0.000000
0.000000
0.000000
0.000000
0.000000
0.000000
0.000000
0.000000
0.000000
0.000000
0.000000
0.000000
0.000000
0.000000
0.000000
0.000000
0.000000
0.000000
0.000000
0.000000
0.000000
0.000000
0.000000
0.000000
0.000000
0.000000
0.000000
0.000000
0.000000
0.000000
0.000000
0.000000
0.000000
0.000000
0.000000
0.000000
0.000000
0.000000
0.000000
0.000000
0.000000
0.000000
0.000000
0.000000
0.000000
0.000000
0.000000
0.000000
0.000000
0.000000
0.000000
0.000000
0.000000
0.000000
0.000000
0.000000
0.000000
0.000000
0.000000
0.000000
0.000000
0.000000
0.000000
0.000000
0.000000
0.000000
0.000000
0.000000
0.000000
0.000000
0.000000
0.000000
0.000000
0.000000
0.000000
0.000000
0.000000
0.000000
0.000000
0.000000
0.000000
0.000000
0.000000
0.000000
0.000000
0.000000
0.000000
0.000000
0.000000
0.000000
0.000000
0.000000
0.000000
0.000000
0.000000
0.000000
0.000000
0.000000
0.000000
0.000000
0.000000
0.000000
0.000000
0.000000
0.000000
0.000000
0.000000
0.000000
0.000000
0.000000
0.000000
0.000000
0.000000
0.000000
0.000000
0.000000
0.000000
0.000000
0.000000
0.000000
0.000000
0.000000
0.000000
0.000000
0.000000
0.000000
0.000000
0.000000
0.000000
0.000000
0.000000
0.000000
0.000000
0.000000
0.000000
0.000000
0.000000
0.000000
0.000000
0.000000
0.000000
0.000000
0.000000
0.000000
0.000000
0.000000
0.000000
0.000000
0.000000
0.000000
0.000000
0.000000
0.000000
0.000000
0.000000
0.000000
0.000000
0.000000
0.000000
0.000000
0.000000
0.000000
0.000000
0.000000
0.000000
0.000000
0.000000
0.000000
0.000000
0.000000
0.000000
0.000000
0.000000
0.000000
0.000000
0.000000
0.000000
0.000000
0.000000
0.000000
0.000000
0.000000
0.000000
0.000000
0.000000
0.000000
0.000000
0.000000
0.000000
0.000000
0.000000
0.000000
0.000000
0.000000
0.000000
0.000000
0.000000
0.000000
0.000000
0.000000
0.000000
0.000000
0.000000
0.000000
0.000000
0.000000
0.000000
0.000000
0.000000
0.000000
0.000000
0.000000
0.000000
0.000000
0.000000
0.000000
0.000000
0.000000
0.000000
0.000000
0.000000
0.000000
0.000000
0.000000
0.000000
0.000000
0.000000
0.000000
0.000000
0.000000
0.000000
0.000000
0.000000
0.000000
0.000000
0.000000
0.000000
0.000000
0.000000
0.000000
0.000000
0.000000
0.000000
0.000000
0.000000
0.000000
0.000000
0.000000
0.000000
0.000000
0.000000
0.000000
0.000000
0.000000
0.000000
0.000000
0.000000
0.000000
0.000000
0.000000
0.000000
0.000000
0.000000
0.000000
0.000000
0.000000
0.000000
0.000000
0.000000
0.000000
0.000000
0.000000
0.000000
0.000000
0.000000
0.000000
0.000000
0.000000
0.000000
0.000000
0.000000
0.000000
0.000000
0.000000
0.000000
0.000000
0.000000
0.000000
0.000000
0.000000
0.000000
0.000000
0.000000
0.000000
0.000000
0.000000
0.000000
0.000000
0.000000
0.000000
0.000000
0.000000
0.000000
0.000000
0.000000
0.000000
0.000000
0.000000
0.000000
0.000000
0.000000
0.000000
0.000000
0.000000
0.000000
0.000000
0.000000
0.000000
0.000000
0.000000
0.000000
0.000000
0.000000
0.000000
0.000000
0.000000
0.000000
0.000000
0.000000
0.000000
0.000000
0.000000
0.000000
0.000000
0.000000
0.000000
0.000000
0.000000
0.000000
0.000000
0.000000
0.000000
0.000000
0.000000
0.000000
0.000000
0.000000
0.000000
0.000000
0.000000
0.000000
0.000000
0.000000
0.000000
0.000000
0.000000
0.000000
0.000000
0.000000
0.000000
0.000000
0.000000
0.000000
0.000000
0.000000
0.000000
0.000000
0.000000
0.000000
0.000000
0.000000
0.000000
0.000000
0.000000
0.000000
0.000000
0.000000
0.000000
0.000000
0.000000
0.000000
0.000000
0.000000
0.000000
0.000000
0.000000
0.000000
0.000000
0.000000
0.000000
0.000000
0.000000
0.000000
0.000000
0.000000
0.000000
0.000000
0.000000
0.000000
0.000000
0.000000
0.000000
0.000000
0.000000
0.000000
0.000000
0.000000
0.000000
0.000000
0.000000
0.000000
0.000000
0.000000
0.000000
0.000000
0.000000
0.000000
0.000000
0.000000
0.000000
0.000000
0.000000
0.000000
0.000000
0.000000
0.000000
0.000000
0.000000
0.000000
0.000000
0.000000
0.000000
0.000000
0.000000
0.000000
0.000000
0.000000
0.000000
0.000000
0.000000
0.000000
0.000000
0.000000
0.000000
0.000000
0.000000
0.000000
0.000000
0.000000
0.000000
0.000000
0.000000
0.000000
0.000000
0.000000
0.000000
0.000000
0.000000
0.000000
0.000000
0.000000
0.000000
0.000000
0.000000
0.000000
0.000000
0.000000
0.000000
0.000000
0.000000
0.000000
0.000000
0.000000
0.000000
0.000000
0.000000
0.000000
0.000000
0.000000
0.000000
