1.166630
0.369417
21.796730
173.760559
91.999603
7.008387
85.982002
108.223969
11.622568
133.138687
416.137115
75.416435
3.003283
11.752274
4.387949
0.443819
6.447908
5.046758
0.744254
1.200316
2.162474
0.349570
0.023735
0.124797
0.070600
0.001198
0.017478
0.014891
0.001873
0.024352
0.029495
0.002304
0.006219
0.023014
0.000865
0.011118
0.015665
0.005741
0.008368
0.021277
0.004753
0.013726
0.039517
0.041185
0.000943
0.042258
0.084993
0.003176
0.018488
0.097650
0.138630
0.008992
0.016052
0.010240
0.000566
0.010947
0.020162
0.002203
0.019356
0.052409
0.018536
0.006827
0.067602
0.094168
0.046973
0.034618
0.017871
0.003484
0.005589
0.009893
0.000863
0.000278
0.002549
0.003024
0.002751
0.005851
0.000565
0.001567
0.001931
0.002264
0.000396
0.002601
0.024855
0.015262
0.001849
0.009188
0.006551
0.006686
0.011027
0.028545
0.012846
0.004557
0.001014
0.000253
0.000282
0.000023
0.000001
0.000002
0.000016
0.000014
0.000006
0.000005
0.000045
0.000012
0.000005
0.000018
0.000036
0.000018
0.000007
0.000008
0.000009
0.000009
0.000002
0.000047
0.000175
0.000866
0.001423
0.004510
0.006217
0.022995
0.018679
0.015491
0.007333
0.002261
0.007245
0.001918
0.004329
0.003124
0.002017
0.001442
0.000080
0.000099
0.000000
0.000015
0.000050
0.000028
0.000009
0.000049
0.000081
0.000007
0.000003
0.000002
0.000000
0.000004
0.000008
0.000015
0.000067
0.000060
0.000049
0.000026
0.000096
0.000105
0.000018
0.000037
0.000177
0.000068
0.000065
0.000042
0.000008
0.000027
0.000058
0.000012
0.000005
0.000010
0.000005
0.000005
0.000033
0.000016
0.000009
0.000041
0.000045
0.000007
0.000007
0.000010
0.000006
0.000030
0.000442
0.000370
0.000072
0.001004
0.001729
0.000768
0.001367
0.001404
0.000403
0.003958
0.007026
0.001368
0.007830
0.005656
0.006015
0.004111
0.001843
0.000478
0.000626
0.001666
0.002211
0.001723
0.001356
0.001713
0.000537
0.000365
0.002604
0.006098
0.002595
0.001492
0.001515
0.000222
0.000148
0.000737
0.000988
0.000869
0.000880
0.001205
0.000606
0.000010
0.000908
0.000584
0.000439
0.002089
0.004125
0.002761
0.003056
0.001360
0.000139
0.000710
0.000404
0.000240
0.000391
0.000377
0.000137
0.000001
0.000011
0.000017
0.000022
0.000003
0.000002
0.000011
0.000008
0.000014
0.000027
0.000028
0.000047
0.000028
0.000018
0.000004
0.000035
0.000033
0.000022
0.000006
0.000011
0.000003
0.000002
0.000015
0.000004
0.000068
0.000095
0.000004
0.000011
0.000178
0.000471
0.000522
0.000903
0.000464
0.000037
0.000038
0.000002
0.000058
0.000025
0.000005
0.000015
0.000002
0.000000
0.000001
0.000002
0.000004
0.000009
0.000055
0.000083
0.000010
0.000001
0.000008
0.000008
0.000001
0.000004
0.000010
0.000005
0.000001
0.000001
0.000001
0.000000
0.000000
0.000001
0.000002
0.000014
0.000013
0.000137
0.000116
0.000029
0.000045
0.000026
0.000091
0.000041
0.000009
0.000001
0.000030
0.000156
0.000107
0.000005
0.000002
0.000018
0.000043
0.000095
0.000102
0.000026
0.000001
0.000001
0.000001
0.000004
0.000037
0.000077
0.000083
0.000073
0.000016
0.000000
0.000000
0.000014
0.000050
0.000070
0.000055
0.000016
0.000001
0.000001
0.000001
0.000001
0.000001
0.000000
0.000000
0.000001
0.000003
0.000001
0.000002
0.000012
0.000009
0.000004
0.000005
0.000006
0.000001
0.000002
0.000002
0.000000
0.000001
0.000000
0.000000
0.000000
0.000002
0.000001
0.000001
0.000009
0.000006
0.000002
0.000005
0.000007
0.000001
0.000001
0.000001
0.000001
0.000001
0.000000
0.000000
0.000001
0.000002
0.000001
0.000001
0.000007
0.000004
0.000001
0.000005
0.000006
0.000001
0.000003
0.000003
0.000003
0.000000
0.000001
0.000001
0.000000
0.000002
0.000001
0.000007
0.000017
0.000006
0.000001
0.000005
0.000009
0.000003
0.000000
0.000001
0.000001
0.000000
0.000000
0.000000
0.000000
0.000000
0.000002
0.000000
0.000007
0.000005
0.000001
0.000005
0.000013
0.000005
0.000000
0.000001
0.000000
0.000000
0.000000
0.000000
0.000000
0.000001
0.000000
0.000001
0.000008
0.000005
0.000001
0.000005
0.000008
0.000001
0.000001
0.000001
0.000001
0.000000
0.000000
0.000000
0.000000
0.000001
0.000000
0.000001
0.000007
0.000004
0.000001
0.000005
0.000009
0.000001
0.000001
0.000001
0.000001
0.000000
0.000000
0.000000
0.000000
0.000001
0.000001
0.000001
0.000008
0.000004
0.000001
0.000004
0.000008
0.000001
0.000000
0.000001
0.000001
0.000001
0.000000
0.000000
0.000000
0.000001
0.000000
0.000001
0.000007
0.000004
0.000001
0.000005
0.000008
0.000001
0.000000
0.000001
0.000000
0.000000
0.000000
0.000000
0.000000
0.000001
0.000000
0.000001
0.000007
0.000004
0.000001
0.000004
0.000007
0.000001
0.000000
0.000001
0.000000
0.000000
0.000000
0.000000
0.000000
0.000001
0.000000
0.000001
0.000007
0.000004
0.000001
0.000004
0.000007
0.000001
0.000000
0.000001
0.000000
0.000000
0.000000
0.000000
0.000000
0.000000
0.000000
0.000000
0.000000
0.000000
0.000000
0.000000
0.000000
0.000000
0.000000
0.000000
0.000000
0.000000
0.000000
0.000000
0.000000
0.000000
0.000000
0.000000
0.000000
0.000000
0.000000
0.000000
0.000000
0.000000
0.000000
0.000000
0.000000
0.000000
0.000000
0.000000
0.000000
0.000000
0.000000
0.000000
0.000000
0.000000
0.000000
0.000000
0.000000
0.000000
0.000000
0.000000
0.000000
0.000000
0.000000
0.000000
0.000000
0.000000
0.000000
0.000000
0.000000
0.000000
0.000000
0.000000
0.000000
0.000000
0.000000
0.000000
0.000000
0.000000
0.000000
0.000000
0.000000
0.000000
0.000000
0.000000
0.000000
0.000000
0.000000
0.000000
0.000000
0.000000
0.000000
0.000000
0.000000
0.000000
0.000000
0.000000
0.000000
0.000000
0.000000
0.000000
0.000000
0.000000
0.000000
0.000000
0.000000
0.000000
0.000000
0.000000
0.000000
0.000000
0.000000
0.000000
0.000000
0.000000
0.000000
0.000000
0.000000
0.000000
0.000000
0.000000
0.000000
0.000000
0.000000
0.000000
0.000000
0.000000
0.000000
0.000000
0.000000
0.000000
0.000000
0.000000
0.000000
0.000000
0.000000
0.000000
0.000000
0.000000
0.000000
0.000000
0.000000
0.000000
0.000000
0.000000
0.000000
0.000000
0.000000
0.000000
0.000000
0.000000
0.000000
0.000000
0.000000
0.000000
0.000000
0.000000
0.000000
0.000000
0.000000
0.000000
0.000000
0.000000
0.000000
0.000000
0.000000
0.000000
0.000000
0.000000
0.000000
0.000000
0.000000
0.000000
0.000000
0.000000
0.000000
0.000000
0.000000
0.000000
0.000000
0.000000
0.000000
0.000000
0.000000
0.000000
0.000000
0.000000
0.000000
0.000000
0.000000
0.000000
0.000000
0.000000
0.000000
0.000000
0.000000
0.000000
0.000000
0.000000
0.000000
0.000000
0.000000
0.000000
0.000000
0.000000
0.000000
0.000000
0.000000
0.000000
0.000000
0.000000
0.000000
0.000000
0.000000
0.000000
0.000000
0.000000
0.000000
0.000000
0.000000
0.000000
0.000000
0.000000
0.000000
0.000000
0.000000
0.000000
0.000000
0.000000
0.000000
0.000000
0.000000
0.000000
0.000000
0.000000
0.000000
0.000000
0.000000
0.000000
0.000000
0.000000
0.000000
0.000000
0.000000
0.000000
0.000000
0.000000
0.000000
0.000000
0.000000
0.000000
0.000000
0.000000
0.000000
0.000000
0.000000
0.000000
0.000000
0.000000
0.000000
0.000000
0.000000
0.000000
0.000000
0.000000
0.000000
0.000000
0.000000
0.000000
0.000000
0.000000
0.000000
0.000000
0.000000
0.000000
0.000000
0.000000
0.000000
0.000000
0.000000
0.000000
0.000000
0.000000
0.000000
0.000000
0.000000
0.000000
0.000000
0.000000
0.000000
0.000000
0.000000
0.000000
0.000000
0.000000
0.000000
0.000000
0.000000
0.000000
0.000000
0.000000
0.000000
0.000000
0.000000
0.000000
0.000000
0.000000
0.000000
0.000000
0.000000
0.000000
0.000000
0.000000
0.000000
0.000000
0.000000
0.000000
0.000000
0.000000
0.000000
0.000000
0.000000
0.000000
0.000000
0.000000
0.000000
0.000000
0.000000
0.000000
0.000000
0.000000
0.000000
0.000000
0.000000
0.000000
0.000000
0.000000
0.000000
0.000000
0.000000
0.000000
0.000000
0.000000
0.000000
0.000000
0.000000
0.000000
0.000000
0.000000
0.000000
0.000000
0.000000
0.000000
0.000000
0.000000
0.000000
0.000000
0.000000
0.000000
0.000000
0.000000
0.000000
0.000000
0.000000
0.000000
0.000000
0.000000
0.000000
0.000000
0.000000
0.000000
0.000000
0.000000
0.000000
0.000000
0.000000
0.000000
0.000000
0.000000
0.000000
0.000000
0.000000
0.000000
0.000000
0.000000
0.000000
0.000000
0.000000
0.000000
0.000000
0.000000
0.000000
0.000000
0.000000
0.000000
0.000000
0.000000
0.000000
0.000000
0.000000
0.000000
0.000000
0.000000
0.000000
0.000000
0.000000
0.000000
0.000000
0.000000
0.000000
0.000000
0.000000
0.000000
0.000000
0.000000
0.000000
0.000000
0.000000
0.000000
0.000000
0.000000
0.000000
0.000000
0.000000
0.000000
0.000000
0.000000
0.000000
0.000000
0.000000
0.000000
0.000000
0.000000
0.000000
0.000000
0.000000
0.000000
0.000000
0.000000
0.000000
0.000000
0.000000
0.000000
0.000000
0.000000
0.000000
0.000000
0.000000
0.000000
0.000000
0.000000
0.000000
0.000000
0.000000
0.000000
0.000000
0.000000
0.000000
0.000000
0.000000
0.000000
0.000000
0.000000
0.000000
0.000000
0.000000
0.000000
0.000000
0.000000
0.000000
0.000000
0.000000
0.000000
0.000000
0.000000
0.000000
0.000000
0.000000
0.000000
0.000000
0.000000
0.000000
0.000000
0.000000
0.000000
0.000000
0.000000
0.000000
0.000000
0.000000
0.000000
0.000000
0.000000
0.000000
0.000000
0.000000
0.000000
0.000000
0.000000
0.000000
0.000000
0.000000
0.000000
0.000000
0.000000
0.000000
0.000000
0.000000
0.000000
0.000000
0.000000
0.000000
0.000000
0.000000
0.000000
0.000000
0.000000
0.000000
0.000000
0.000000
0.000000
0.000000
0.000000
0.000000
0.000000
0.000000
0.000000
