0.099645
0.055269
0.114753
0.239974
0.387380
0.088358
0.053304
0.132266
0.169530
0.115956
0.897355
0.339494
0.113079
0.240499
1.301601
1.107525
2.573723
0.909426
0.775017
1.619928
0.460454
0.359309
1.109918
0.979610
1.060993
3.881877
5.158759
3.293969
41.583694
21.037294
22.187008
20.322638
8.850717
9.833610
124.860069
74.010681
11.439513
12.410936
43.804333
34.506351
72.554871
15.188397
25.074322
15.412307
8.526694
13.554727
59.089455
54.807880
67.790886
91.775635
23.387342
16.611006
37.911129
24.079165
20.638809
28.174109
28.937597
11.488379
14.979772
6.255219
7.462384
15.158014
40.994976
73.674797
9.531874
6.287381
24.239088
19.537052
16.244776
11.960539
24.954523
18.121853
6.859246
10.027979
9.784621
5.797739
4.183434
3.732772
3.761572
4.499565
31.479801
8.286632
23.905865
15.583918
34.822052
13.707037
15.843841
23.779041
18.124006
72.196274
10.300596
8.681277
19.189573
55.402744
16.907595
15.266869
16.694582
7.071804
7.756328
13.365642
6.892375
3.457546
3.629405
6.398505
4.909925
5.878383
7.079194
13.497244
15.704995
11.132777
18.862396
55.739124
15.158603
14.082518
29.009748
15.737238
7.563205
6.330927
11.226990
6.055007
4.966044
4.214309
3.754903
11.376517
22.999201
35.347095
45.760990
47.322903
4.423722
3.304814
7.307703
8.955492
23.094168
20.679636
4.969736
2.431806
3.421874
10.133979
3.530515
5.112241
2.615285
1.600927
3.382862
30.526814
109.355576
3.860974
1.997344
2.066842
2.462729
3.491345
10.045444
5.392123
7.096016
4.224812
11.975651
8.392036
3.160022
3.082860
13.753714
6.071680
3.259869
5.350399
3.260726
1.990259
3.615292
5.447068
14.420739
5.380509
125.889336
3.547391
7.050022
4.555829
1.957999
2.570449
4.703115
3.771610
11.528533
6.833269
4.406402
2.991542
2.388147
3.646408
8.921431
4.297971
8.590807
7.907043
27.632122
8.689014
12.589108
29.213501
100.519119
5.868327
4.741045
5.068363
11.757648
20.103428
41.183220
7.150089
4.768206
15.257540
2.806399
2.511275
8.005062
44.084896
6.068620
4.055491
5.604374
3.694241
3.256342
2.978061
2.100588
1.836500
3.313278
13.307398
6.037336
6.815205
7.092755
4.789510
8.636784
5.186403
7.607454
31.280964
20.656389
54.279831
52.505634
38.346935
8.190052
5.855128
8.970827
27.174238
38.003803
16.328886
15.721107
17.686708
98.852951
18.041534
8.229005
9.066399
8.515922
4.118878
3.138883
8.898314
7.849674
6.535608
7.944057
16.404743
6.357753
7.911691
26.066099
13.460796
7.512215
5.819896
6.475865
16.203903
19.797720
35.902382
40.005802
13.710085
7.630295
31.183908
7.412475
12.449121
24.643341
33.665367
11.906659
16.355913
44.484840
140.433884
18.373562
10.007868
9.128475
6.877534
10.119271
21.556910
34.566311
17.932497
12.713787
14.053658
13.327117
15.972224
12.502218
12.448330
19.793110
21.698273
20.685993
62.505997
276.433167
260.612762
279.022766
200.900925
561.196106
290.994110
94.348534
90.528000
132.027557
666.269958
273.611694
103.922592
100.096207
165.878311
218.837204
267.438385
159.534210
855.486755
142.910599
162.605316
238.018875
145.246368
183.369095
232.866440
100.876556
187.442413
823.139465
185.388687
112.398407
155.599945
211.384857
213.684052
586.923584
432.895508
187.393692
109.111855
80.667908
69.724373
262.671722
140.342133
110.986641
159.405365
513.442566
172.555588
629.303955
236.259064
278.208038
302.218445
120.965767
113.947144
634.075195
196.325089
152.672592
173.604614
144.571503
135.403976
348.652679
93.395935
194.004227
987.702209
396.807892
597.016113
909.241821
415.199951
4187.704102
241.832123
97.537941
96.696915
91.832436
168.666489
1008.270691
1222.219604
239.257523
128.769501
148.829102
146.975494
173.333176
122.508301
147.078827
314.250183
233.995987
175.795914
172.086273
224.666367
321.246002
380.301941
600.200623
1727.607666
387.876312
404.039856
399.315979
227.148071
336.889404
275.735107
278.666718
419.405853
1030.949829
333.073547
248.514359
311.312622
379.268158
300.727020
454.646667
928.812256
360.931610
400.406036
925.524780
361.661102
281.153351
324.668091
312.910278
351.388245
2139.675781
420.326111
239.098450
314.938812
463.593628
338.517883
372.386230
449.518494
750.716858
468.186646
507.331451
984.454041
381.581573
413.730682
530.158875
500.276917
916.434692
524.235596
333.597321
551.625244
782.549500
492.907379
426.975128
524.724609
624.087952
711.422668
980.339478
549.369385
433.392090
484.741333
528.785706
451.543427
1489.389404
438.235657
279.238464
403.765015
451.405731
285.629456
361.892639
402.953217
422.448425
499.152374
755.858093
610.739502
737.903137
784.121277
661.255371
457.213898
875.862549
807.223816
386.330505
506.315582
457.253326
307.451416
419.390808
668.871826
597.815918
505.153717
755.138550
725.999084
502.469299
515.709595
563.277466
435.240570
609.951172
475.044952
321.972168
491.621216
516.506836
350.784393
431.765625
715.156128
599.402161
510.858246
904.003052
803.903748
486.252472
554.152771
460.768280
377.674103
597.956543
436.012726
323.706635
606.681152
572.478333
353.691559
486.999786
820.396606
541.140930
527.470764
962.581482
396.469666
483.218140
656.498413
546.097229
420.815826
797.116821
612.161011
356.208740
489.084259
621.389832
427.483765
620.405029
864.711060
603.060608
691.651978
938.544922
394.481812
456.433105
583.816345
494.281219
348.126434
615.907837
563.901917
324.571533
10000000000.000000
10000000000.000000
10000000000.000000
10000000000.000000
10000000000.000000
10000000000.000000
10000000000.000000
10000000000.000000
10000000000.000000
10000000000.000000
10000000000.000000
10000000000.000000
10000000000.000000
10000000000.000000
10000000000.000000
10000000000.000000
10000000000.000000
10000000000.000000
10000000000.000000
10000000000.000000
10000000000.000000
10000000000.000000
10000000000.000000
10000000000.000000
10000000000.000000
10000000000.000000
10000000000.000000
10000000000.000000
10000000000.000000
10000000000.000000
10000000000.000000
10000000000.000000
10000000000.000000
10000000000.000000
10000000000.000000
10000000000.000000
10000000000.000000
10000000000.000000
10000000000.000000
10000000000.000000
10000000000.000000
10000000000.000000
10000000000.000000
10000000000.000000
10000000000.000000
10000000000.000000
10000000000.000000
10000000000.000000
10000000000.000000
10000000000.000000
10000000000.000000
10000000000.000000
10000000000.000000
10000000000.000000
10000000000.000000
10000000000.000000
10000000000.000000
10000000000.000000
10000000000.000000
10000000000.000000
10000000000.000000
10000000000.000000
10000000000.000000
10000000000.000000
10000000000.000000
10000000000.000000
10000000000.000000
10000000000.000000
10000000000.000000
10000000000.000000
10000000000.000000
10000000000.000000
10000000000.000000
10000000000.000000
10000000000.000000
10000000000.000000
10000000000.000000
10000000000.000000
10000000000.000000
10000000000.000000
10000000000.000000
10000000000.000000
10000000000.000000
10000000000.000000
10000000000.000000
10000000000.000000
10000000000.000000
10000000000.000000
10000000000.000000
10000000000.000000
10000000000.000000
10000000000.000000
10000000000.000000
10000000000.000000
10000000000.000000
10000000000.000000
10000000000.000000
10000000000.000000
10000000000.000000
10000000000.000000
10000000000.000000
10000000000.000000
10000000000.000000
10000000000.000000
10000000000.000000
10000000000.000000
10000000000.000000
10000000000.000000
10000000000.000000
10000000000.000000
10000000000.000000
10000000000.000000
10000000000.000000
10000000000.000000
10000000000.000000
10000000000.000000
10000000000.000000
10000000000.000000
10000000000.000000
10000000000.000000
10000000000.000000
10000000000.000000
10000000000.000000
10000000000.000000
10000000000.000000
10000000000.000000
10000000000.000000
10000000000.000000
10000000000.000000
10000000000.000000
10000000000.000000
10000000000.000000
10000000000.000000
10000000000.000000
10000000000.000000
10000000000.000000
10000000000.000000
10000000000.000000
10000000000.000000
10000000000.000000
10000000000.000000
10000000000.000000
10000000000.000000
10000000000.000000
10000000000.000000
10000000000.000000
10000000000.000000
10000000000.000000
10000000000.000000
10000000000.000000
10000000000.000000
10000000000.000000
10000000000.000000
10000000000.000000
10000000000.000000
10000000000.000000
10000000000.000000
10000000000.000000
10000000000.000000
10000000000.000000
10000000000.000000
10000000000.000000
10000000000.000000
10000000000.000000
10000000000.000000
10000000000.000000
10000000000.000000
10000000000.000000
10000000000.000000
10000000000.000000
10000000000.000000
10000000000.000000
10000000000.000000
10000000000.000000
10000000000.000000
10000000000.000000
10000000000.000000
10000000000.000000
10000000000.000000
10000000000.000000
10000000000.000000
10000000000.000000
10000000000.000000
10000000000.000000
10000000000.000000
10000000000.000000
10000000000.000000
10000000000.000000
10000000000.000000
10000000000.000000
10000000000.000000
10000000000.000000
10000000000.000000
10000000000.000000
10000000000.000000
10000000000.000000
10000000000.000000
10000000000.000000
10000000000.000000
10000000000.000000
10000000000.000000
10000000000.000000
10000000000.000000
10000000000.000000
10000000000.000000
10000000000.000000
10000000000.000000
10000000000.000000
10000000000.000000
10000000000.000000
10000000000.000000
10000000000.000000
10000000000.000000
10000000000.000000
10000000000.000000
10000000000.000000
10000000000.000000
10000000000.000000
10000000000.000000
10000000000.000000
10000000000.000000
10000000000.000000
10000000000.000000
10000000000.000000
10000000000.000000
10000000000.000000
10000000000.000000
10000000000.000000
10000000000.000000
10000000000.000000
10000000000.000000
10000000000.000000
10000000000.000000
10000000000.000000
10000000000.000000
10000000000.000000
10000000000.000000
10000000000.000000
10000000000.000000
10000000000.000000
10000000000.000000
10000000000.000000
10000000000.000000
10000000000.000000
10000000000.000000
10000000000.000000
10000000000.000000
10000000000.000000
10000000000.000000
10000000000.000000
10000000000.000000
10000000000.000000
10000000000.000000
10000000000.000000
10000000000.000000
10000000000.000000
10000000000.000000
10000000000.000000
10000000000.000000
10000000000.000000
10000000000.000000
10000000000.000000
10000000000.000000
10000000000.000000
10000000000.000000
10000000000.000000
10000000000.000000
10000000000.000000
10000000000.000000
10000000000.000000
10000000000.000000
10000000000.000000
10000000000.000000
10000000000.000000
10000000000.000000
10000000000.000000
10000000000.000000
10000000000.000000
10000000000.000000
10000000000.000000
10000000000.000000
10000000000.000000
10000000000.000000
10000000000.000000
10000000000.000000
10000000000.000000
10000000000.000000
10000000000.000000
10000000000.000000
10000000000.000000
10000000000.000000
10000000000.000000
10000000000.000000
10000000000.000000
10000000000.000000
10000000000.000000
10000000000.000000
10000000000.000000
10000000000.000000
10000000000.000000
10000000000.000000
10000000000.000000
10000000000.000000
10000000000.000000
10000000000.000000
10000000000.000000
10000000000.000000
10000000000.000000
10000000000.000000
10000000000.000000
10000000000.000000
10000000000.000000
10000000000.000000
10000000000.000000
10000000000.000000
10000000000.000000
10000000000.000000
10000000000.000000
10000000000.000000
10000000000.000000
10000000000.000000
10000000000.000000
10000000000.000000
10000000000.000000
10000000000.000000
10000000000.000000
10000000000.000000
10000000000.000000
10000000000.000000
10000000000.000000
10000000000.000000
10000000000.000000
10000000000.000000
10000000000.000000
10000000000.000000
10000000000.000000
10000000000.000000
10000000000.000000
10000000000.000000
10000000000.000000
10000000000.000000
10000000000.000000
10000000000.000000
10000000000.000000
10000000000.000000
10000000000.000000
10000000000.000000
10000000000.000000
10000000000.000000
10000000000.000000
10000000000.000000
10000000000.000000
10000000000.000000
10000000000.000000
10000000000.000000
10000000000.000000
10000000000.000000
10000000000.000000
10000000000.000000
10000000000.000000
10000000000.000000
10000000000.000000
10000000000.000000
10000000000.000000
10000000000.000000
10000000000.000000
10000000000.000000
10000000000.000000
10000000000.000000
10000000000.000000
10000000000.000000
10000000000.000000
10000000000.000000
10000000000.000000
10000000000.000000
10000000000.000000
10000000000.000000
10000000000.000000
10000000000.000000
10000000000.000000
10000000000.000000
10000000000.000000
10000000000.000000
10000000000.000000
10000000000.000000
10000000000.000000
10000000000.000000
10000000000.000000
10000000000.000000
10000000000.000000
10000000000.000000
10000000000.000000
10000000000.000000
10000000000.000000
10000000000.000000
10000000000.000000
10000000000.000000
10000000000.000000
10000000000.000000
10000000000.000000
10000000000.000000
10000000000.000000
10000000000.000000
10000000000.000000
10000000000.000000
10000000000.000000
10000000000.000000
10000000000.000000
10000000000.000000
10000000000.000000
10000000000.000000
10000000000.000000
10000000000.000000
10000000000.000000
10000000000.000000
10000000000.000000
10000000000.000000
10000000000.000000
10000000000.000000
10000000000.000000
10000000000.000000
10000000000.000000
10000000000.000000
10000000000.000000
10000000000.000000
10000000000.000000
10000000000.000000
10000000000.000000
10000000000.000000
10000000000.000000
10000000000.000000
10000000000.000000
10000000000.000000
10000000000.000000
10000000000.000000
10000000000.000000
10000000000.000000
10000000000.000000
10000000000.000000
10000000000.000000
10000000000.000000
10000000000.000000
10000000000.000000
10000000000.000000
10000000000.000000
10000000000.000000
10000000000.000000
10000000000.000000
10000000000.000000
10000000000.000000
10000000000.000000
10000000000.000000
10000000000.000000
10000000000.000000
10000000000.000000
10000000000.000000
10000000000.000000
10000000000.000000
10000000000.000000
10000000000.000000
10000000000.000000
10000000000.000000
10000000000.000000
10000000000.000000
10000000000.000000
10000000000.000000
10000000000.000000
10000000000.000000
10000000000.000000
10000000000.000000
10000000000.000000
10000000000.000000
10000000000.000000
10000000000.000000
10000000000.000000
10000000000.000000
10000000000.000000
10000000000.000000
10000000000.000000
10000000000.000000
10000000000.000000
10000000000.000000
10000000000.000000
10000000000.000000
10000000000.000000
10000000000.000000
10000000000.000000
10000000000.000000
10000000000.000000
10000000000.000000
10000000000.000000
10000000000.000000
10000000000.000000
10000000000.000000
10000000000.000000
10000000000.000000
10000000000.000000
10000000000.000000
10000000000.000000
10000000000.000000
10000000000.000000
10000000000.000000
10000000000.000000
10000000000.000000
10000000000.000000
10000000000.000000
10000000000.000000
10000000000.000000
10000000000.000000
10000000000.000000
10000000000.000000
