1.080106
0.607797
4.668696
13.181827
9.591640
2.647336
9.272647
10.403074
3.409189
11.538574
20.399439
8.684262
1.732998
3.428159
2.094743
0.666198
2.539273
2.246499
0.862701
1.095589
1.470535
0.591244
0.154060
0.353266
0.265707
0.034607
0.132204
0.122030
0.043282
0.156050
0.171742
0.048002
0.078859
0.151705
0.029403
0.105443
0.125162
0.075768
0.091475
0.145865
0.068941
0.117157
0.198788
0.202942
0.030701
0.205567
0.291536
0.056353
0.135972
0.312490
0.372330
0.094827
0.126695
0.101191
0.023782
0.104627
0.141992
0.046934
0.139125
0.228930
0.136147
0.082626
0.260004
0.306867
0.216733
0.186060
0.133683
0.059022
0.074760
0.099462
0.029382
0.016669
0.050485
0.054989
0.052447
0.076493
0.023779
0.039587
0.043948
0.047582
0.019899
0.051000
0.157653
0.123540
0.042995
0.095857
0.080936
0.081765
0.105010
0.168952
0.113341
0.067504
0.031843
0.015912
0.016782
0.004744
0.000938
0.001510
0.004010
0.003714
0.002417
0.002145
0.006736
0.003467
0.002129
0.004240
0.006009
0.004206
0.002620
0.002753
0.003021
0.002932
0.001269
0.006867
0.013213
0.029425
0.037729
0.067156
0.078847
0.151639
0.136673
0.124463
0.085630
0.047548
0.085119
0.043793
0.065795
0.055897
0.044913
0.037972
0.008944
0.009971
0.000403
0.003815
0.007092
0.005278
0.002966
0.007027
0.009014
0.002651
0.001736
0.001521
0.000292
0.002075
0.002792
0.003862
0.008175
0.007771
0.006994
0.005056
0.009813
0.010252
0.004272
0.006042
0.013289
0.008240
0.008084
0.006511
0.002767
0.005172
0.007602
0.003457
0.002340
0.003151
0.002306
0.002142
0.005772
0.003960
0.003072
0.006393
0.006671
0.002633
0.002566
0.003103
0.002499
0.005442
0.021024
0.019231
0.008498
0.031684
0.041578
0.027717
0.036968
0.037464
0.020079
0.062911
0.083821
0.036989
0.088485
0.075209
0.077557
0.064115
0.042932
0.021856
0.025023
0.040813
0.047018
0.041513
0.036824
0.041384
0.023169
0.019117
0.051028
0.078087
0.050938
0.038632
0.038921
0.014915
0.012147
0.027139
0.031428
0.029483
0.029657
0.034710
0.024610
0.003156
0.030141
0.024158
0.020955
0.045702
0.064227
0.052548
0.055281
0.036884
0.011777
0.026644
0.020108
0.015495
0.019781
0.019421
0.011692
0.000913
0.003319
0.004134
0.004736
0.001862
0.001537
0.003245
0.002863
0.003675
0.005196
0.005258
0.006885
0.005253
0.004236
0.001996
0.005934
0.005716
0.004727
0.002380
0.003320
0.001767
0.001226
0.003808
0.002075
0.008245
0.009763
0.001985
0.003344
0.013331
0.021704
0.022840
0.030045
0.021539
0.006112
0.006201
0.001348
0.007626
0.004996
0.002236
0.003825
0.001322
0.000303
0.001029
0.001241
0.001937
0.002931
0.007425
0.009133
0.003173
0.001105
0.002751
0.002842
0.000952
0.001906
0.003196
0.002194
0.000936
0.001224
0.000939
0.000506
0.000592
0.001000
0.001516
0.003777
0.003667
0.011692
0.010756
0.005341
0.006711
0.005123
0.009522
0.006385
0.002968
0.000945
0.005522
0.012473
0.010331
0.002134
0.001315
0.004276
0.006531
0.009739
0.010117
0.005105
0.001167
0.000856
0.001057
0.001982
0.006066
0.008803
0.009122
0.008559
0.003943
0.000522
0.000456
0.003746
0.007036
0.008363
0.007433
0.003949
0.000826
0.000765
0.001063
0.000901
0.000910
0.000447
0.000205
0.000925
0.001649
0.000708
0.001357
0.003520
0.002926
0.001937
0.002181
0.002436
0.000847
0.001245
0.001305
0.000570
0.000845
0.000572
0.000397
0.000696
0.001373
0.000897
0.000965
0.002947
0.002414
0.001288
0.002245
0.002655
0.000757
0.000817
0.001021
0.000722
0.000766
0.000559
0.000382
0.000873
0.001332
0.000907
0.000836
0.002637
0.002071
0.000959
0.002207
0.002394
0.001114
0.001856
0.001816
0.001713
0.000594
0.000753
0.000791
0.000702
0.001430
0.001001
0.002708
0.004131
0.002371
0.001027
0.002284
0.003003
0.001593
0.000596
0.001116
0.000786
0.000610
0.000489
0.000441
0.000291
0.000291
0.001363
0.000068
0.002628
0.002143
0.000810
0.002177
0.003540
0.002260
0.000660
0.000944
0.000654
0.000546
0.000413
0.000418
0.000473
0.000916
0.000603
0.000971
0.002746
0.002149
0.000970
0.002153
0.002840
0.000986
0.000753
0.001142
0.000753
0.000463
0.000479
0.000466
0.000670
0.001002
0.000685
0.000953
0.002680
0.002034
0.000954
0.002229
0.002928
0.001037
0.000716
0.001218
0.000863
0.000396
0.000462
0.000489
0.000536
0.000984
0.000712
0.000958
0.002804
0.002104
0.000857
0.002019
0.002744
0.000957
0.000581
0.001004
0.000769
0.000783
0.000559
0.000484
0.000498
0.000924
0.000516
0.000916
0.002575
0.002043
0.001074
0.002218
0.002763
0.000954
0.000617
0.001054
0.000593
0.000574
0.000553
0.000522
0.000537
0.000877
0.000505
0.000955
0.002716
0.001976
0.000827
0.001992
0.002650
0.000909
0.000616
0.000957
0.000449
0.000435
0.000486
0.000483
0.000616
0.001017
0.000580
0.000980
0.002654
0.002054
0.000897
0.002023
0.002639
0.000904
0.000627
0.000936
0.000545
0.000475
0.000467
0.000000
0.000000
0.000000
0.000000
0.000000
0.000000
0.000000
0.000000
0.000000
0.000000
0.000000
0.000000
0.000000
0.000000
0.000000
0.000000
0.000000
0.000000
0.000000
0.000000
0.000000
0.000000
0.000000
0.000000
0.000000
0.000000
0.000000
0.000000
0.000000
0.000000
0.000000
0.000000
0.000000
0.000000
0.000000
0.000000
0.000000
0.000000
0.000000
0.000000
0.000000
0.000000
0.000000
0.000000
0.000000
0.000000
0.000000
0.000000
0.000000
0.000000
0.000000
0.000000
0.000000
0.000000
0.000000
0.000000
0.000000
0.000000
0.000000
0.000000
0.000000
0.000000
0.000000
0.000000
0.000000
0.000000
0.000000
0.000000
0.000000
0.000000
0.000000
0.000000
0.000000
0.000000
0.000000
0.000000
0.000000
0.000000
0.000000
0.000000
0.000000
0.000000
0.000000
0.000000
0.000000
0.000000
0.000000
0.000000
0.000000
0.000000
0.000000
0.000000
0.000000
0.000000
0.000000
0.000000
0.000000
0.000000
0.000000
0.000000
0.000000
0.000000
0.000000
0.000000
0.000000
0.000000
0.000000
0.000000
0.000000
0.000000
0.000000
0.000000
0.000000
0.000000
0.000000
0.000000
0.000000
0.000000
0.000000
0.000000
0.000000
0.000000
0.000000
0.000000
0.000000
0.000000
0.000000
0.000000
0.000000
0.000000
0.000000
0.000000
0.000000
0.000000
0.000000
0.000000
0.000000
0.000000
0.000000
0.000000
0.000000
0.000000
0.000000
0.000000
0.000000
0.000000
0.000000
0.000000
0.000000
0.000000
0.000000
0.000000
0.000000
0.000000
0.000000
0.000000
0.000000
0.000000
0.000000
0.000000
0.000000
0.000000
0.000000
0.000000
0.000000
0.000000
0.000000
0.000000
0.000000
0.000000
0.000000
0.000000
0.000000
0.000000
0.000000
0.000000
0.000000
0.000000
0.000000
0.000000
0.000000
0.000000
0.000000
0.000000
0.000000
0.000000
0.000000
0.000000
0.000000
0.000000
0.000000
0.000000
0.000000
0.000000
0.000000
0.000000
0.000000
0.000000
0.000000
0.000000
0.000000
0.000000
0.000000
0.000000
0.000000
0.000000
0.000000
0.000000
0.000000
0.000000
0.000000
0.000000
0.000000
0.000000
0.000000
0.000000
0.000000
0.000000
0.000000
0.000000
0.000000
0.000000
0.000000
0.000000
0.000000
0.000000
0.000000
0.000000
0.000000
0.000000
0.000000
0.000000
0.000000
0.000000
0.000000
0.000000
0.000000
0.000000
0.000000
0.000000
0.000000
0.000000
0.000000
0.000000
0.000000
0.000000
0.000000
0.000000
0.000000
0.000000
0.000000
0.000000
0.000000
0.000000
0.000000
0.000000
0.000000
0.000000
0.000000
0.000000
0.000000
0.000000
0.000000
0.000000
0.000000
0.000000
0.000000
0.000000
0.000000
0.000000
0.000000
0.000000
0.000000
0.000000
0.000000
0.000000
0.000000
0.000000
0.000000
0.000000
0.000000
0.000000
0.000000
0.000000
0.000000
0.000000
0.000000
0.000000
0.000000
0.000000
0.000000
0.000000
0.000000
0.000000
0.000000
0.000000
0.000000
0.000000
0.000000
0.000000
0.000000
0.000000
0.000000
0.000000
0.000000
0.000000
0.000000
0.000000
0.000000
0.000000
0.000000
0.000000
0.000000
0.000000
0.000000
0.000000
0.000000
0.000000
0.000000
0.000000
0.000000
0.000000
0.000000
0.000000
0.000000
0.000000
0.000000
0.000000
0.000000
0.000000
0.000000
0.000000
0.000000
0.000000
0.000000
0.000000
0.000000
0.000000
0.000000
0.000000
0.000000
0.000000
0.000000
0.000000
0.000000
0.000000
0.000000
0.000000
0.000000
0.000000
0.000000
0.000000
0.000000
0.000000
0.000000
0.000000
0.000000
0.000000
0.000000
0.000000
0.000000
0.000000
0.000000
0.000000
0.000000
0.000000
0.000000
0.000000
0.000000
0.000000
0.000000
0.000000
0.000000
0.000000
0.000000
0.000000
0.000000
0.000000
0.000000
0.000000
0.000000
0.000000
0.000000
0.000000
0.000000
0.000000
0.000000
0.000000
0.000000
0.000000
0.000000
0.000000
0.000000
0.000000
0.000000
0.000000
0.000000
0.000000
0.000000
0.000000
0.000000
0.000000
0.000000
0.000000
0.000000
0.000000
0.000000
0.000000
0.000000
0.000000
0.000000
0.000000
0.000000
0.000000
0.000000
0.000000
0.000000
0.000000
0.000000
0.000000
0.000000
0.000000
0.000000
0.000000
0.000000
0.000000
0.000000
0.000000
0.000000
0.000000
0.000000
0.000000
0.000000
0.000000
0.000000
0.000000
0.000000
0.000000
0.000000
0.000000
0.000000
0.000000
0.000000
0.000000
0.000000
0.000000
0.000000
0.000000
0.000000
0.000000
0.000000
0.000000
0.000000
0.000000
0.000000
0.000000
0.000000
0.000000
0.000000
0.000000
0.000000
0.000000
0.000000
0.000000
0.000000
0.000000
0.000000
0.000000
0.000000
0.000000
0.000000
0.000000
0.000000
0.000000
0.000000
0.000000
0.000000
0.000000
0.000000
0.000000
0.000000
0.000000
0.000000
0.000000
0.000000
0.000000
0.000000
0.000000
0.000000
0.000000
0.000000
0.000000
0.000000
0.000000
0.000000
0.000000
0.000000
0.000000
0.000000
0.000000
0.000000
0.000000
0.000000
0.000000
0.000000
0.000000
0.000000
0.000000
0.000000
0.000000
0.000000
