0.107627
0.033593
0.535748
3.163292
3.715607
0.233914
0.494268
1.375969
0.577960
1.337963
18.305532
2.948254
0.195966
0.824468
2.726519
0.737830
6.535384
2.043024
0.668608
1.774776
0.677114
0.212440
0.170994
0.346063
0.281913
0.134339
0.682009
0.401964
1.799810
3.282864
3.810438
0.975536
0.697962
1.491808
3.671303
7.803904
1.431790
0.940347
4.006987
5.033279
5.001977
1.779426
4.984478
3.127797
0.261776
2.786402
17.226700
3.088614
9.217682
28.679005
8.707821
1.575179
4.803162
2.436607
0.490825
2.947766
4.108910
0.539199
2.084059
1.432006
1.015980
1.252449
10.658858
22.608387
2.065870
1.169827
3.240342
1.153108
1.214458
1.189624
0.733204
0.302076
0.346291
0.551432
0.513179
0.443487
0.099480
0.147768
0.165314
0.214097
0.626428
0.422619
3.768834
1.925237
1.497185
1.313909
1.282342
1.944297
1.903198
12.197733
1.167482
0.586021
0.611059
0.881556
0.283744
0.072430
0.015661
0.010676
0.031105
0.049635
0.016660
0.007415
0.024447
0.022186
0.010455
0.024926
0.042542
0.056766
0.041141
0.030647
0.056985
0.163434
0.019230
0.096704
0.383312
0.463069
0.285352
0.425159
0.885220
0.918178
0.678723
0.524524
0.321533
0.540933
1.957667
1.547944
3.010846
2.645209
0.198684
0.125492
0.065363
0.089292
0.009317
0.078896
0.035246
0.012835
0.010149
0.071211
0.031825
0.013551
0.004541
0.002436
0.000988
0.063341
0.305374
0.014910
0.016328
0.016061
0.017224
0.017651
0.098577
0.055278
0.030314
0.025526
0.159149
0.069153
0.025547
0.020073
0.038050
0.031400
0.024780
0.018497
0.007630
0.006271
0.008339
0.011669
0.083230
0.021305
0.386711
0.022680
0.047034
0.011997
0.005024
0.007976
0.011751
0.020527
0.242371
0.131412
0.037444
0.094784
0.099295
0.101066
0.329806
0.161019
0.172493
0.497444
2.316154
0.321394
1.113950
2.197126
7.795982
0.376245
0.203545
0.110775
0.294209
0.820490
1.936370
0.296820
0.175584
0.631418
0.065022
0.048009
0.408481
3.442447
0.309121
0.156671
0.218130
0.055099
0.039555
0.080821
0.066018
0.054146
0.098262
0.461901
0.148577
0.021510
0.213784
0.115704
0.180983
0.237027
0.488601
1.643765
1.141904
2.002052
0.618379
1.021707
0.164686
0.090728
0.177450
0.527762
0.444339
0.014916
0.052186
0.073125
0.468190
0.033588
0.012648
0.029417
0.024377
0.015136
0.016311
0.046790
0.054042
0.034331
0.033648
0.032742
0.037725
0.045226
0.123215
0.032032
0.024943
0.010283
0.007937
0.061707
0.041082
0.296032
0.390570
0.027211
0.025513
0.415704
0.160879
0.284332
0.740401
0.725123
0.072770
0.101421
0.059956
1.070961
0.091797
0.022375
0.034918
0.009091
0.003062
0.022176
0.042885
0.034735
0.037261
0.104344
0.121722
0.050682
0.013814
0.034243
0.056250
0.020655
0.039420
0.199781
0.606381
0.243825
0.341596
0.188565
0.283883
0.172369
0.094316
0.137276
0.498615
2.443462
3.199148
1.117843
0.534616
1.113263
1.121094
2.546530
1.018601
2.539162
0.135015
0.897896
2.968743
1.500590
0.391231
0.306192
0.431353
1.224129
8.016740
1.875545
0.573831
0.181573
0.181008
0.225784
1.163117
2.625751
1.649626
0.995301
0.690442
0.274951
0.137187
0.064060
0.415807
1.121580
4.294030
1.282618
2.484843
0.195253
0.212790
0.321336
0.109034
0.103720
0.283475
0.040162
0.141261
0.286243
0.102303
0.183708
1.227093
0.273291
0.375786
2.153787
0.966439
0.505922
1.132442
0.541693
2.385879
0.204441
0.055765
0.038423
0.063894
0.231522
0.904182
1.179543
0.705055
0.310832
0.191716
0.330031
0.460126
0.092737
0.120159
0.320937
0.168880
0.134647
0.096235
0.085871
0.280292
0.506515
0.544237
1.445043
1.022952
0.836602
0.382961
0.501266
0.806586
0.307157
0.517075
0.761811
1.766032
0.197821
0.187193
0.246355
0.266161
0.430188
0.455240
2.514842
1.491065
0.949548
0.950698
0.826108
0.844396
0.517198
0.186392
0.392051
1.682636
0.256249
0.117017
0.139035
0.134988
0.098518
0.507541
0.030448
1.972656
1.003476
0.410907
2.143204
1.350823
0.935119
0.349902
0.472371
0.599225
0.286328
0.137842
0.230662
0.370258
0.451388
0.257518
0.509291
1.713878
1.528809
0.951257
1.182906
1.230796
0.477713
0.398324
0.515634
1.121518
0.203120
0.133835
0.188320
0.302598
0.286064
0.247738
0.384013
1.132026
1.015298
0.721319
1.361565
2.160573
0.813143
0.473704
0.556671
0.755675
0.319967
0.178641
0.247370
0.244859
0.302519
0.298600
0.640560
1.676354
1.063071
0.647227
1.465680
1.378543
0.493490
0.327460
0.436841
0.469304
0.372118
0.179963
0.237852
0.257002
0.324295
0.222808
0.655296
1.543177
1.043565
0.970575
1.782879
1.343648
0.528896
0.284421
0.398051
0.354624
0.250186
0.178949
0.316871
0.307305
0.310206
0.246064
0.783886
1.469533
1.042532
0.795685
0.789964
1.280578
0.596750
0.336293
0.402766
0.357978
0.266184
0.172984
0.236370
0.382806
0.434955
0.360050
0.847379
1.600693
1.420870
0.841824
0.797964
1.204565
0.527856
0.309734
0.325904
0.335932
0.267942
0.151730
0.000000
0.000000
0.000000
0.000000
0.000000
0.000000
0.000000
0.000000
0.000000
0.000000
0.000000
0.000000
0.000000
0.000000
0.000000
0.000000
0.000000
0.000000
0.000000
0.000000
0.000000
0.000000
0.000000
0.000000
0.000000
0.000000
0.000000
0.000000
0.000000
0.000000
0.000000
0.000000
0.000000
0.000000
0.000000
0.000000
0.000000
0.000000
0.000000
0.000000
0.000000
0.000000
0.000000
0.000000
0.000000
0.000000
0.000000
0.000000
0.000000
0.000000
0.000000
0.000000
0.000000
0.000000
0.000000
0.000000
0.000000
0.000000
0.000000
0.000000
0.000000
0.000000
0.000000
0.000000
0.000000
0.000000
0.000000
0.000000
0.000000
0.000000
0.000000
0.000000
0.000000
0.000000
0.000000
0.000000
0.000000
0.000000
0.000000
0.000000
0.000000
0.000000
0.000000
0.000000
0.000000
0.000000
0.000000
0.000000
0.000000
0.000000
0.000000
0.000000
0.000000
0.000000
0.000000
0.000000
0.000000
0.000000
0.000000
0.000000
0.000000
0.000000
0.000000
0.000000
0.000000
0.000000
0.000000
0.000000
0.000000
0.000000
0.000000
0.000000
0.000000
0.000000
0.000000
0.000000
0.000000
0.000000
0.000000
0.000000
0.000000
0.000000
0.000000
0.000000
0.000000
0.000000
0.000000
0.000000
0.000000
0.000000
0.000000
0.000000
0.000000
0.000000
0.000000
0.000000
0.000000
0.000000
0.000000
0.000000
0.000000
0.000000
0.000000
0.000000
0.000000
0.000000
0.000000
0.000000
0.000000
0.000000
0.000000
0.000000
0.000000
0.000000
0.000000
0.000000
0.000000
0.000000
0.000000
0.000000
0.000000
0.000000
0.000000
0.000000
0.000000
0.000000
0.000000
0.000000
0.000000
0.000000
0.000000
0.000000
0.000000
0.000000
0.000000
0.000000
0.000000
0.000000
0.000000
0.000000
0.000000
0.000000
0.000000
0.000000
0.000000
0.000000
0.000000
0.000000
0.000000
0.000000
0.000000
0.000000
0.000000
0.000000
0.000000
0.000000
0.000000
0.000000
0.000000
0.000000
0.000000
0.000000
0.000000
0.000000
0.000000
0.000000
0.000000
0.000000
0.000000
0.000000
0.000000
0.000000
0.000000
0.000000
0.000000
0.000000
0.000000
0.000000
0.000000
0.000000
0.000000
0.000000
0.000000
0.000000
0.000000
0.000000
0.000000
0.000000
0.000000
0.000000
0.000000
0.000000
0.000000
0.000000
0.000000
0.000000
0.000000
0.000000
0.000000
0.000000
0.000000
0.000000
0.000000
0.000000
0.000000
0.000000
0.000000
0.000000
0.000000
0.000000
0.000000
0.000000
0.000000
0.000000
0.000000
0.000000
0.000000
0.000000
0.000000
0.000000
0.000000
0.000000
0.000000
0.000000
0.000000
0.000000
0.000000
0.000000
0.000000
0.000000
0.000000
0.000000
0.000000
0.000000
0.000000
0.000000
0.000000
0.000000
0.000000
0.000000
0.000000
0.000000
0.000000
0.000000
0.000000
0.000000
0.000000
0.000000
0.000000
0.000000
0.000000
0.000000
0.000000
0.000000
0.000000
0.000000
0.000000
0.000000
0.000000
0.000000
0.000000
0.000000
0.000000
0.000000
0.000000
0.000000
0.000000
0.000000
0.000000
0.000000
0.000000
0.000000
0.000000
0.000000
0.000000
0.000000
0.000000
0.000000
0.000000
0.000000
0.000000
0.000000
0.000000
0.000000
0.000000
0.000000
0.000000
0.000000
0.000000
0.000000
0.000000
0.000000
0.000000
0.000000
0.000000
0.000000
0.000000
0.000000
0.000000
0.000000
0.000000
0.000000
0.000000
0.000000
0.000000
0.000000
0.000000
0.000000
0.000000
0.000000
0.000000
0.000000
0.000000
0.000000
0.000000
0.000000
0.000000
0.000000
0.000000
0.000000
0.000000
0.000000
0.000000
0.000000
0.000000
0.000000
0.000000
0.000000
0.000000
0.000000
0.000000
0.000000
0.000000
0.000000
0.000000
0.000000
0.000000
0.000000
0.000000
0.000000
0.000000
0.000000
0.000000
0.000000
0.000000
0.000000
0.000000
0.000000
0.000000
0.000000
0.000000
0.000000
0.000000
0.000000
0.000000
0.000000
0.000000
0.000000
0.000000
0.000000
0.000000
0.000000
0.000000
0.000000
0.000000
0.000000
0.000000
0.000000
0.000000
0.000000
0.000000
0.000000
0.000000
0.000000
0.000000
0.000000
0.000000
0.000000
0.000000
0.000000
0.000000
0.000000
0.000000
0.000000
0.000000
0.000000
0.000000
0.000000
0.000000
0.000000
0.000000
0.000000
0.000000
0.000000
0.000000
0.000000
0.000000
0.000000
0.000000
0.000000
0.000000
0.000000
0.000000
0.000000
0.000000
0.000000
0.000000
0.000000
0.000000
0.000000
0.000000
0.000000
0.000000
0.000000
0.000000
0.000000
0.000000
0.000000
0.000000
0.000000
0.000000
0.000000
0.000000
0.000000
0.000000
0.000000
0.000000
0.000000
0.000000
0.000000
0.000000
0.000000
0.000000
0.000000
0.000000
0.000000
0.000000
0.000000
0.000000
0.000000
0.000000
0.000000
0.000000
0.000000
0.000000
0.000000
0.000000
0.000000
0.000000
0.000000
0.000000
0.000000
0.000000
0.000000
0.000000
0.000000
0.000000
0.000000
0.000000
0.000000
0.000000
0.000000
0.000000
0.000000
0.000000
0.000000
0.000000
0.000000
0.000000
0.000000
0.000000
