-0.000702
0.000231
-0.001243
-0.007974
0.005292
-0.001708
0.005920
-0.006581
0.002216
-0.007498
0.009056
-0.004626
0.000997
-0.001922
0.000760
-0.000263
0.001378
-0.000640
-0.000092
0.000314
0.000528
-0.000194
0.000014
0.000221
-0.000164
0.000016
0.000063
-0.000051
0.000027
0.000078
0.000025
-0.000022
0.000040
-0.000068
0.000012
0.000046
0.000032
-0.000005
-0.000045
-0.000083
-0.000006
-0.000002
0.000112
0.000051
-0.000015
0.000111
-0.000145
-0.000033
0.000082
-0.000028
0.000228
-0.000061
0.000051
0.000065
-0.000013
0.000001
-0.000065
0.000023
0.000018
-0.000066
-0.000006
0.000044
-0.000168
-0.000138
-0.000038
0.000052
-0.000029
-0.000027
-0.000016
0.000061
-0.000018
0.000011
-0.000027
0.000030
-0.000027
0.000049
-0.000007
0.000007
-0.000024
0.000030
-0.000008
-0.000031
0.000090
0.000052
-0.000007
-0.000019
0.000003
0.000052
-0.000068
0.000016
0.000059
-0.000028
0.000001
0.000003
0.000004
0.000001
-0.000000
0.000000
-0.000001
0.000002
-0.000001
0.000001
0.000000
-0.000002
0.000001
-0.000002
-0.000000
0.000000
0.000000
0.000002
-0.000002
-0.000002
0.000001
-0.000002
-0.000003
-0.000007
-0.000004
0.000041
-0.000035
0.000010
-0.000063
0.000079
-0.000053
0.000030
0.000044
0.000024
0.000041
-0.000036
-0.000028
0.000025
-0.000003
-0.000001
-0.000000
0.000002
-0.000003
0.000001
0.000000
-0.000004
0.000000
-0.000000
0.000001
-0.000001
0.000000
0.000001
-0.000002
-0.000001
0.000004
-0.000005
0.000004
-0.000002
-0.000002
0.000005
0.000000
-0.000002
0.000009
0.000005
-0.000005
0.000003
-0.000001
-0.000001
-0.000001
0.000001
0.000002
-0.000002
0.000000
0.000001
0.000001
-0.000003
-0.000002
0.000004
-0.000003
-0.000000
-0.000000
0.000001
0.000001
-0.000003
-0.000002
0.000009
0.000002
-0.000011
0.000014
-0.000012
-0.000008
0.000012
0.000008
-0.000036
-0.000001
-0.000005
0.000010
-0.000016
0.000050
0.000021
0.000002
-0.000012
0.000010
0.000009
-0.000017
0.000026
-0.000024
0.000005
0.000015
-0.000012
0.000031
0.000005
-0.000013
0.000013
-0.000007
-0.000004
0.000007
-0.000016
0.000007
-0.000001
0.000001
0.000018
-0.000014
0.000002
-0.000010
0.000006
-0.000014
0.000022
-0.000033
0.000002
0.000019
-0.000008
0.000002
-0.000007
-0.000002
0.000006
-0.000013
0.000008
0.000007
-0.000000
-0.000002
0.000003
-0.000002
0.000001
-0.000001
0.000002
-0.000001
-0.000002
0.000003
-0.000003
0.000002
-0.000003
0.000002
-0.000001
-0.000001
0.000001
-0.000002
0.000002
-0.000002
0.000001
-0.000001
0.000001
0.000001
-0.000002
0.000006
-0.000001
-0.000000
-0.000004
0.000014
-0.000013
0.000010
-0.000007
-0.000004
0.000003
-0.000000
-0.000004
0.000002
0.000000
-0.000002
0.000001
-0.000000
-0.000000
0.000001
-0.000001
0.000001
-0.000000
-0.000004
0.000002
-0.000000
0.000001
-0.000001
0.000001
-0.000001
0.000002
0.000001
-0.000001
-0.000001
0.000001
-0.000000
0.000000
-0.000001
0.000001
-0.000002
0.000001
0.000008
-0.000005
0.000003
-0.000004
0.000002
-0.000006
0.000004
-0.000002
-0.000001
0.000003
-0.000007
0.000005
-0.000001
-0.000000
0.000001
-0.000002
0.000006
-0.000006
0.000003
-0.000001
0.000000
-0.000000
0.000001
-0.000001
-0.000005
0.000006
-0.000004
0.000002
-0.000000
-0.000000
0.000002
-0.000004
-0.000004
0.000004
-0.000001
-0.000001
0.000000
0.000000
-0.000000
0.000000
-0.000000
0.000000
-0.000001
0.000001
-0.000000
0.000001
0.000002
-0.000001
-0.000000
0.000001
0.000001
0.000000
-0.000001
0.000000
0.000000
0.000000
-0.000000
0.000000
-0.000000
-0.000000
0.000000
-0.000000
0.000001
0.000000
-0.000001
0.000001
0.000001
-0.000000
0.000000
-0.000000
-0.000000
0.000000
-0.000000
0.000000
-0.000000
0.000001
-0.000001
-0.000000
0.000002
-0.000001
-0.000001
0.000000
0.000001
-0.000001
0.000001
-0.000001
-0.000001
0.000000
-0.000000
0.000000
-0.000000
0.000001
-0.000001
-0.000001
0.000003
-0.000001
-0.000001
-0.000000
0.000002
-0.000001
0.000000
-0.000000
-0.000000
0.000000
-0.000000
0.000000
-0.000000
0.000000
-0.000000
0.000000
0.000000
-0.000001
-0.000000
-0.000000
0.000002
-0.000001
0.000000
-0.000000
-0.000000
0.000000
-0.000000
0.000000
-0.000000
0.000000
-0.000000
0.000000
0.000001
-0.000001
-0.000001
-0.000000
0.000002
-0.000001
0.000000
0.000000
-0.000000
0.000000
-0.000000
0.000000
-0.000000
0.000000
0.000000
-0.000001
0.000002
-0.000000
-0.000001
0.000000
0.000002
-0.000001
0.000000
-0.000000
0.000000
0.000000
-0.000000
0.000000
-0.000000
0.000000
-0.000000
-0.000000
0.000002
-0.000000
-0.000001
-0.000000
0.000002
-0.000001
0.000000
-0.000000
-0.000000
0.000000
-0.000000
0.000000
-0.000000
0.000000
-0.000000
-0.000000
0.000002
-0.000000
-0.000001
-0.000001
0.000002
-0.000001
0.000000
-0.000000
-0.000000
0.000000
-0.000000
0.000000
-0.000000
0.000000
-0.000000
-0.000000
0.000002
-0.000001
-0.000000
-0.000000
0.000002
-0.000000
0.000000
0.000000
-0.000000
0.000000
-0.000000
0.000000
-0.000000
0.000000
0.000000
-0.000001
0.000002
-0.000001
-0.000000
-0.000001
0.000002
-0.000000
0.000000
0.000000
-0.000000
0.000000
-0.000000
0.000000
0.000000
0.000000
0.000000
0.000000
0.000000
0.000000
0.000000
0.000000
0.000000
0.000000
0.000000
0.000000
0.000000
0.000000
0.000000
0.000000
0.000000
0.000000
0.000000
0.000000
0.000000
0.000000
0.000000
0.000000
0.000000
0.000000
0.000000
0.000000
0.000000
0.000000
0.000000
0.000000
0.000000
0.000000
0.000000
0.000000
0.000000
0.000000
0.000000
0.000000
0.000000
0.000000
0.000000
0.000000
0.000000
0.000000
0.000000
0.000000
0.000000
0.000000
0.000000
0.000000
0.000000
0.000000
0.000000
0.000000
0.000000
0.000000
0.000000
0.000000
0.000000
0.000000
0.000000
0.000000
0.000000
0.000000
0.000000
0.000000
0.000000
0.000000
0.000000
0.000000
0.000000
0.000000
0.000000
0.000000
0.000000
0.000000
0.000000
0.000000
0.000000
0.000000
0.000000
0.000000
0.000000
0.000000
0.000000
0.000000
0.000000
0.000000
0.000000
0.000000
0.000000
0.000000
0.000000
0.000000
0.000000
0.000000
0.000000
0.000000
0.000000
0.000000
0.000000
0.000000
0.000000
0.000000
0.000000
0.000000
0.000000
0.000000
0.000000
0.000000
0.000000
0.000000
0.000000
0.000000
0.000000
0.000000
0.000000
0.000000
0.000000
0.000000
0.000000
0.000000
0.000000
0.000000
0.000000
0.000000
0.000000
0.000000
0.000000
0.000000
0.000000
0.000000
0.000000
0.000000
0.000000
0.000000
0.000000
0.000000
0.000000
0.000000
0.000000
0.000000
0.000000
0.000000
0.000000
0.000000
0.000000
0.000000
0.000000
0.000000
0.000000
0.000000
0.000000
0.000000
0.000000
0.000000
0.000000
0.000000
0.000000
0.000000
0.000000
0.000000
0.000000
0.000000
0.000000
0.000000
0.000000
0.000000
0.000000
0.000000
0.000000
0.000000
0.000000
0.000000
0.000000
0.000000
0.000000
0.000000
0.000000
0.000000
0.000000
0.000000
0.000000
0.000000
0.000000
0.000000
0.000000
0.000000
0.000000
0.000000
0.000000
0.000000
0.000000
0.000000
0.000000
0.000000
0.000000
0.000000
0.000000
0.000000
0.000000
0.000000
0.000000
0.000000
0.000000
0.000000
0.000000
0.000000
0.000000
0.000000
0.000000
0.000000
0.000000
0.000000
0.000000
0.000000
0.000000
0.000000
0.000000
0.000000
0.000000
0.000000
0.000000
0.000000
0.000000
0.000000
0.000000
0.000000
0.000000
0.000000
0.000000
0.000000
0.000000
0.000000
0.000000
0.000000
0.000000
0.000000
0.000000
0.000000
0.000000
0.000000
0.000000
0.000000
0.000000
0.000000
0.000000
0.000000
0.000000
0.000000
0.000000
0.000000
0.000000
0.000000
0.000000
0.000000
0.000000
0.000000
0.000000
0.000000
0.000000
0.000000
0.000000
0.000000
0.000000
0.000000
0.000000
0.000000
0.000000
0.000000
0.000000
0.000000
0.000000
0.000000
0.000000
0.000000
0.000000
0.000000
0.000000
0.000000
0.000000
0.000000
0.000000
0.000000
0.000000
0.000000
0.000000
0.000000
0.000000
0.000000
0.000000
0.000000
0.000000
0.000000
0.000000
0.000000
0.000000
0.000000
0.000000
0.000000
0.000000
0.000000
0.000000
0.000000
0.000000
0.000000
0.000000
0.000000
0.000000
0.000000
0.000000
0.000000
0.000000
0.000000
0.000000
0.000000
0.000000
0.000000
0.000000
0.000000
0.000000
0.000000
0.000000
0.000000
0.000000
0.000000
0.000000
0.000000
0.000000
0.000000
0.000000
0.000000
0.000000
0.000000
0.000000
0.000000
0.000000
0.000000
0.000000
0.000000
0.000000
0.000000
0.000000
0.000000
0.000000
0.000000
0.000000
0.000000
0.000000
0.000000
0.000000
0.000000
0.000000
0.000000
0.000000
0.000000
0.000000
0.000000
0.000000
0.000000
0.000000
0.000000
0.000000
0.000000
0.000000
0.000000
0.000000
0.000000
0.000000
0.000000
0.000000
0.000000
0.000000
0.000000
0.000000
0.000000
0.000000
0.000000
0.000000
0.000000
0.000000
0.000000
0.000000
0.000000
0.000000
0.000000
0.000000
0.000000
0.000000
0.000000
0.000000
0.000000
0.000000
0.000000
0.000000
0.000000
0.000000
0.000000
0.000000
0.000000
0.000000
0.000000
0.000000
0.000000
0.000000
0.000000
0.000000
0.000000
0.000000
0.000000
0.000000
0.000000
0.000000
0.000000
0.000000
0.000000
0.000000
0.000000
0.000000
0.000000
0.000000
0.000000
0.000000
0.000000
0.000000
0.000000
0.000000
0.000000
0.000000
0.000000
0.000000
0.000000
0.000000
0.000000
0.000000
0.000000
0.000000
0.000000
0.000000
0.000000
0.000000
0.000000
0.000000
0.000000
0.000000
0.000000
0.000000
0.000000
0.000000
0.000000
0.000000
0.000000
0.000000
0.000000
0.000000
0.000000
0.000000
0.000000
0.000000
0.000000
0.000000
0.000000
0.000000
0.000000
0.000000
0.000000
0.000000
0.000000
0.000000
0.000000
0.000000
0.000000
0.000000
0.000000
0.000000
0.000000
0.000000
0.000000
0.000000
0.000000
0.000000
0.000000
0.000000
0.000000
0.000000
0.000000
0.000000
0.000000
0.000000
0.000000
0.000000
0.000000
0.000000
0.000000
0.000000
0.000000
0.000000
0.000000
0.000000
0.000000
0.000000
0.000000
0.000000
0.000000
0.000000
0.000000
0.000000
0.000000
